trade_company_caribbean = {
	color = { 232 232 4 }
	
	provinces = {
		5583 482 483 487 491 492 493 494 495 496 497 498 499 500 501 502 1881 5577 5576 5574 5575 5584 5585 5586 5581 5582 5578 5579
	}
	
	# Specific
	# Generic
	names = {
		name = "COLONIAL_THE_CARRIBEAN_Root_Culture_GetName_West_Indies"
	}
	names = {
		name = "COLONIAL_THE_CARRIBEAN_West_Indies"
	}
	names = {
		name = "COLONIAL_THE_CARRIBEAN_The_Carribean"
	}
	names = {
		name = "COLONIAL_REGION_New_Root_GetName"
	}
}


trade_company_japan = {
	color = { 250 20 20 }
	
	provinces = {
		2742 1376 1012 1014 1017 1018 1019 1020 1021 1023 1024 1025 1026 1027 1028 1029 1030 1031 1032 1818 1819 1820 1825 1830 1832 1835 1837 1839 1843 1847 1852 4131 4180 4181 4182 4183 4184 4185 4186 4187 4188 4189 4190 4191 4192 4193 1015 4359 4360 1845 2744 4232 732 2743 733 735 4230 4231 734 736 2694 2745 4227 737 1013 2741 4228 4229 7280 7281 7282 7283 7284 7285 7286 7287 7288 7289 7290 7291 7292 7293 7294 7295 7296 7297 7298 7299 7300 7301 7302 7303 7304 7305 7306 7307 7308 7309 7310 7311 7312 7313 7314 7315 7316 7317 7318 7319 7320 7321 7322 7323 7324 7325 7326 7327 7328 7329 7330 7331 7332 7333 7334 7335 7336 7337 7338 7339 7340 7341 7342 7343 7344 7345 7346 7347 7348 7349 7350 7351 7352 7353 7354 7355 7356 7357 7358 7359 7360 7361 7362 7363 7364 7365 7366 7367 7368 7369 7370 7371 7372 7373 7374 7375 7376 7377 7378 7379 7380 7381 7382 7383 7384 7385 7386 7387 7388 7389 7390 7391 7392 7393 7394 7395 7396 7397 7398
	}
	
	names = {
		name = "TRADE_COMPANY_japan"
	}
}

trade_company_polynesia = {
	color = { 244 232 66 }
	
	provinces = {
		1235 1995 1996 #west_micronesia_area
		1243 1989 1990 1992 #polynesia_area
		1241 1991 1993 1994 #micronesia_area
		1238 1239 1986 1242 5028 1997 1240 5029 1244 1987 5025 5026 1988
		2722 2721 2720 2719 1237 1236 646 
		5817 5818
	}

	# Generic
	names = {
		name = "TRADE_COMPANY_polynesia"
	}
}
