natives_american_inuit = {
	graphical_culture = inuitgfx
	color = { 0 255  255 }
	icon = 4
	
	unit = native_indian_archer
	
	provinces = {
		# North America
		977 978 979 997 998 999 1001 1005
		1006 1805 1807 1810 1814 2004 2574
		2575 2592 2612
		# Greenland
		1104 1105 
		#BTCHANGES
		3111 3112 3113 2611
		#BTNEWPROVINCESALASKA
		4920 4921 4922 4923 4924 4925 4928 4929 4930 4932 4931 4933 4934 4935 4968 4969 4970 4971 
		4926 4927 4936  
		#BTNEWPROVINCESNWT
		4976 4977 4937 4938 5040 4978 4980 4972 4981
		#BTNEWPROVINCESHUDSONBAY
		4990 4991 4992 4993 4994 4995 4996 4997 4998
		5006 5007 4999 5067 5068 5069 5075 5076 5077
		5588 5589 5590 5595 5596 5073 5074 
		#BT9.0 Alaska
		5722 5723 5724 5726 5778 
	}
}

natives_american_na = {
	graphical_culture = northamericagfx
	color = { 0 255  0 }
	icon = 1
	
	unit = native_indian_archer
	
	provinces = {
		481 #Bermuda
		# Other Bits of North America
		835 867 868 869 870 871 872 873 874 875 876
		877 878 879 880 881 882 883 884 885 886 887 888 889 890 891 892 893 894 895 896 897
		898 899 900 901 902 903 904 905 906 907 908 909 910 911 912 913 914 915 916 917 918
		919 920 921 922 923 924 925 926 927 928 929 930 931 932 933 934 935 936 937 938 939
		940 941 942 943 944 945 946 947 948 949 950 951 952 953 954 955 956 957 958 959 960
		961 962 963 964 965 966 967 968 969 970 971 980 981 982 983 984 985 986 987 988 989
		990 991 1808 1809 2006 2007 2008 2009 2010 2011 2012 2013 2014 2015 2016 2017 2018
		2019 2020 2021 2022 2023 2517 2518 2521 2522 2587 2670 2671 2582 2583 2584 2585
		2578 2570 2571 2572 2568 2569 2586 2546 2547 2550 2554 2639 2560 2561 2566 2533
		2534 2535 2536 2537 2538 2539 2540 2541 2542 2543 2544 2545 2548 2549 2551 2552 2553
		2555 2556 2557 2558 2559 2562 2563 2564 2565 2481 2482 2483 2484 2485 2486 2487 2488
		2489 2603 2604 2605 2606 2607 2516 2519 2520 2523 2524 2525 2526 2527 2528 2529
		2530 2531 2532 2497 2498 2499 2500 2501 2502 2503 2504 2505 2506 2507 2508 2509 2512
		2513 2514 2515 2510 2511 2665 2666 2669 2625 2672 2567 2573 2490 2496 2495 2492 2494
		2491 2493 2478 2479 2480 2477 2476
		#RNW Provinces:
		4357 4358 4361 4362 4363 4364 4365 4366 245 4368
		4369 4370 4371 4372 4374 4375 4376 4377 4379 4380 4381 4382 4383 4385
		4386 4387 4388 4389 4390 4391 4392 4393 4394 4395 4396 4397 4398 4399 4400 4401 4402
		4403 4404 4405 4406 3304 3305 3306 3307 3308
		3309 3310 3311 3312 3313 3314 3315 3316 3317 3318 3319 3320 3321 3322 3323 3324 3325
		3326 3327 3328 3329 3330 3331 3332 3333 3334 3335 3336 3337 3338 3339 3340 3341 3342
		3343 3344 3345 3346 3347 3348 3349 3350 3351 3352 3353 3354 3355 3356 3357 3358 3359
		3360 3361 3362 3363 3364 3365 3366 3367 3368 3369 3370 3371 3372 3373 3374 3375 3376
		3377 3378 3379 3380 3381 3382 3383 3384 3385 3386 3387 3388 3389 3390 3391 3392 3393
		3394 3395 3396 3397 3398 3399 3400 3401 3402 3403 3404 3405 3406 3407 3408 3409 3410
		3411 3412 3413 3414 3500 3501 3502 3503 3504 3505 3506 3507 3508 3509 3510 3511 3512
		3513 3514 3515 3516 3517 3518 3519 3520 3521 3522 3523 3524 3525 3526 3527 3528 3529
		3530 3531 3532 3533 3534 3535 3536 3537 3538 3539 3540 3541 3542 3543 3544 3545 3546
		3547 3548 3549 3550 3551 3552 3553 3554 3555 3556 3557 3558 3559 3560 3561 3562 3563
		3564 3565 3566 3567 3568 3569 3570 3571 3572 3573 3574 3575 3576 3577 3578 3579 3580
		3581 3582 3583 3584 3585 3586 3587 3588 3589 3640 3641 3642 3643 3644 3645 3646 3647
		3648 3649 3650 3651 3652 3653 3654 3655 3656 3657 3658 3659 3660 3661 3662 3663 3664
		3665 3666 3667 3668 3669 3670 3671 3672 3673 3674 3675 3676 3677 3678 3679 3680 3681
		3682 3683 3684 3685 3686 3687 3688 3689 3690 3691 3692 3693 3694 3695 3696 3697 3698 3699
		3700 3701 3702 3703 3704 3705 3706 3707 3708 3709 3710 3711 3712 3713 3714 3715 3716 3717 3718 3719
		3720 3721 3722 3723 3724 3725 3726 3727 3728 3729 3730 3731 3732 3733 3734 3735 3736 3737 3738 3739
		3740 3741 3742 3743 3744 3745 3746 3747 3748 3749 3750 3751 3752 3753 3754 3755 3756 3757 3758 3759
		3760 3761 3762 3763 3764 3765 3766 3767 3768 3769 3770 3771 3772 3773 3774 3775 3776 3777 3778 3779
		3780 3781 3782 3783 3784 3785 3786 3787 3788 3789 3790 3791 3792 3793 3794 3795 3796 3797 3798 3799
		3800 3801 3802 3803 3804 3805 3806 3807 3808 3809 3810 3811 3812 3813 3814 3815 3816 3817 3818 3819
		3820 3821 3822 3823 3824 3825 3826 3827 3828 3829 3830 3831 3832 3833 3834 3835 3836 3837 3838 3839
		3840 3841 3842 3843 3844 3845 3846 3847 3848 3849 3850 3851 3852 3853 3854 3855 3856 3857 3858 3859
		3860 3861 3862 3863 3864 3865 3866 3867 3868 3869 3870 3871 3872 3873 3874 3875 3876 3877 3878 3879
		3880 3881 3882 3883 3884 3885 3886 3887 3888 3889 3890 3891 3892 3893 3894 3895 3896 3897 3898 3899	
		3900 3901 3902 3903 3904 3905 3906 3907 3908 3909 3910 3911 3912 3913 3914 3915 3916 3917 3918 3919
		3920 3921 3922 3923 3924 3925 3926 3927 3928 3929 3930 3931 3932 3933 3934 3935 3936 3937 3938 3939
		3940 3941 3942 3943 3944 3945 3946 3947 3948 3949 3950 3951 3952 3953 3954 3955 3956 3957 3958 3959
		3960 3961 3962 3963 3964 3965 3966 3967 3968 3969 3970 3971 3972 3973 3974 3975 3976 3977 3978 3979
		3980 3981 3982 3983 3984 3985 3986 3987 3988 3989 3990 3991 3992 3993 3994 3995 3996 3997 3998 3999
		#BTCHANGES
		972 973 974 975 976 2613 2595 2599 2600 2601 2003 1011 2602 2005 2596 2597 2598 2610 1009 1010 2594
		1008 2593 1806 1000 1003 2588 2590 2591 1002 2589 1813 2609 1004 1811 1812 
		2576 2577 2579 2580 2581 992 993 994 996 1007
		#BTNEWPROVINCESNWT
		4985 4982 4983 4986 4987 5041 4989 5000 5001 5002 4984
		#BTNEWPROVINCESCASCADIA
		4941 4949 4946 4956 4958 4947 4948 4960 4940 4942 4943 4944 4945 4961
		#BTNEWPROVINCESCALIFORNIA
		4952 4953 5044 4955 5042 4954 4957 5016 5017 5030 5031 5032 4950 4951 5018 5045 4962 4963 4965 4966 4967
		#BTNEWPROVINCESHUDSONBAY
		5000 5001 5002 5003 5004 5005 5008 5009
		#BTNEWPROVINCESCANADA
		5010 5011 5012 5013 5014 5015 5019 5033 5034 5035
		#BTNEWPROVINCESIII
		4973 4974 5036 5037 5038 5039 5046 5047 5048 5049 5050 5051 5052 5053 5054 5055 5056 5057 5060
		#BTNEWPROVINCESIV
		2608 5064 5065 5066 995 4975 4979 4624 4622 5070 5071 5072 5078 5079 
		#BTNEWPROVINCESV
		5592 5593 5594 5612 5613 5614 5615 5616 5617 5618 5619 5620 5621 5622 5623 5624 5625 5626 5627 5628 5629
		#BT 9.0 Cascadia, California, and Hudson Bay
		5727 5728 5729 5730 5731 5732 5733 5734 5735 5736 5737 5738 5739 5740 5741 5742 5743 5744 5745 5746 
		5747 5748 5749 5750 5751 5752 5753 5754 5755 5756 5757 5758 5759 5760 5761 5762 5763 5764 5765 5766 
		5767 5768 5769 5770 5771 5772 5773 5774 5775 5776 5777 5779 5780 5781 5782 5782 5783 5784 5785 5786 
		5787 5788 5789 5790 5791 5792 5793 5794 5795 5796 5797 5798 5799 5800 5801 5802 5803 5804 5805 5806 
		5807 5808 5809 5810 5811 5812 5813 5814 5815 5816 5819 5820 5821 5822 5823 5824 5825 5826 5827 4632 
		4631 5830 4630 5832 5833 5834 5835 5836 5837 5838 5839 5840 5841 4634 5843 5844 5845 5846 5847 5848 
		5849 5850 5851 5852 5853 5854 5855 5856 5857 5858 5859 5860 5861 5862
		#Was missing
		5058 5059
	}
}

natives_american_ma = {
	graphical_culture = southamericagfx
	color = { 255  255  0 }
	icon = 5
	
	unit = native_indian_archer
	
	provinces = {
		# Mesoamerican
		858 857 856 855 854 851 852 853 848 850 849 847 844 845 846 843 842 841 840 839 838
		837 836 861 864 863 862 865 866 859 860 2614 2615 2616 2617 2618 2619 2620 2621 2622
		2623 2624 2626 2627 2628 2629 2630 2631 2632 2633 2634 2635 2636 2637 2638 2640 2641
		2642 2643 2644 2645 2646 2647 2648 2649 2650 2651 2652 2653 2657 2660 2661 2662 2663
		2664 2667 2668
		#BTNEWPROVINCESCALIFORNIA
		5043 5061 4649 5063 4964
		#New 1.28 provinces
		4570 4571 4572 4573 4574 4575 4576 4577 4578 4579 4580 4581 4582 4583 4584 4585 4586 4587 4588 4589 4590 4591 4592 4593 4594 
		4595 4596 4597 4598 4599 4600 4601 4602 4603 4604 4605 4606 4607 4608 4609 4610 4611 4612 4613 4614 4615 4616 4617 4625 4626 
		4627 4628 4629 4633 4635 4636 4637 4638 4639 4640 4641 4642 4643 4644 4645 4646 4647 4648 4650 
	}
}

natives_american_sa = {
	graphical_culture = southamericagfx
	color = { 255  0  0 }
	icon = 6
	
	unit = native_indian_archer
	
	provinces = {
		# The Carribean
		482 483 484 485 486 487 488 489 490 491 492 493 494 495 496 497 498 499 500 501
		502 1881 2654 2655 2656 2658 2659

		# South American
		741 742 743 744 745 746 747 748 749 750 751 752 753 754 755 756 757 758 759 760 761
		762 763 764 765 766 768 769 772 773 775 776 777 778 779 780 781 782
		783 784 785 786 787 790 791 792 793 794 795 796 797 799 800 801 802 803
		804 805 806 807 808 809 810 811 812 813 814 815 816 817 818 819 820 821 822 823 824
		825 826 827 828 829 830 831 832 834 1802 1803 2002 2025
		2803 2804 2805 2806 2807 2808 2809 2810 2811 2812 2813 2814 2815 2816 2817 2818 2819
		2820 2821 2822 2823 2824 2825 2826 2827 2828 2829 2830 2831 2832 2833 2834 2835 2836
		2837 2838 2839 2840 2841 2842 2843 2844 2845 2846 2847 2848 2849 2850 2851 2852 2853
		2854 2855 2857 2858 2859 2860 2861 2862 2863 2865 2866 2867 2868 2869 2870
		2871 2872 2873 2874 2875 2876 2877 2878 2879 2881 2882 2883 2884 2885 2886 2887
		2888 2889 2890 2891 2892 2893 2894
		2895 2896 2897 2898 2899 2900 2901 2902 2903 2904 2905 2906 2907 2908 2909 2910 2911
		2912 2913 2914 2915 2916 2917 2918 2919 2920 2921 2922 2923 2924 2925 2926 2927 2928
		2929 2930 2931 2933 2934 2935 2936 2937 2938 2939 2940 2941 2942 2943 2944 2945
		2946 2947
		#An Island
		1095
		#BTNEWPROVINCESCARIBBEAN
		4619 5563 4618 5565 4620 5567 4621 4623 5572 5574 5575 5576 5577 5578 5579 5581 5582 5583 5584 5585 5586
	}
}

natives_african = {
	graphical_culture = africangfx
	color = { 180  180  80 }
	icon = 2
	
	unit = african_spearmen
	
	provinces = {
		#North Africa
		334 335 336 337 338 339 340 341 342 343 344 345 346 347 348 349 350 351 352 353 354
		355 356 357 358 359 360 361 362 363 364 365 1751 1793 1794 1795 1882
		2315 2316 2317 2318 2319 2320 2321 2322 2323 2324 2325 2326
		2448 2449 2450 2451 2452 2453 2454 2455 2456 2457 2458 2459 2460
		2461 2462 2463 2464 2465 2466 2467 2468 2469 2470 2472 2473
		2474 2475 2954
		#Various Islands
		1096 1097 1098 1099 1100 1101 1102 1103 1792
		#Most of Africa
		1110 1111 1112 1113 1114 1115 1116 1117 1118 1119 1120 1121 1122 1123 1124 1125 1126
		1127 1128 1129 1130 1131 1132 1133 1134 1135 1136 1137 1138 1139 1140 1141 1142 1143
		1144 1145 1146 1147 1148 1149 1150 1151 1152 1153 1154 1155 1156 1157 1158 1159 1160
		1161 1162 1163 1164 1165 1166 1167 1169 1170 1171 1172 1173 1174 1175 1176 1177
		1178 1179 1180 1181 1182 1183 1184 1185 1186 1187 1188 1189 1190 1191 1192 1193 1194
		1195 1196 1197 1198 1199 1200 1201 1202 1203 1204 1205 1206 1207 1208 1209 1210 1211
		1212 1213 1214 1215 1216 1217 1218 1219 1220 1221 1222 1223 1224 1225 1226 1227 1228
		1229 1230 1231 1232 1233 1234 1249 1796 1797 1798 1799 1800 1801
		#New overhaul provinces
		774 788 4783 833 2237 2238 2239 2240 2241 2242 2243 2244 2245 2246 2247 2248 2249 2250 2251 2252
		2253 2254 2255 2256 2257 2258 2259 2260 2261 2262 2263 2264 2265 2266 2267 2268 2269
		2270 2271 2272 2273 2274 2275 2276 2277 2278 2279 2280 2281 2282 2283 2284 2285 2286
		2287 2288 2289 2290 2291 2292 2293 2294 2295 2756 2757 2758 2759 2760 2761 2762 2763
		2764 2765 2766 2767 2768 2769 2770 2771 2772 2773 2774 2775 2776 2777 2778 2779 2780
		2781 2782 2783 2784 2785 2786 2787 2788 2789 2790 2791 2792 2793 2794 2795 2796 2797
		2798 2799 2800 2801 2802 2856 2864 2880 2932
		1901 2948 2949 1306 2024 1854 
		798 1168 2950 2951 2952 4033
		1273 1925 #Kenya
		4020 4021 4022 4023 4024 4025 4026 4027 4028 4029 4030 4031 4032 #Madagascar
		4034 4035 4036 4037 4038 4039 4040 4041 4042 4043 4044 4045 4046
		4047 4048 4049 4050 #Upper Zambezi
		#Central Africa
		4051 4052 4053 4054 4055 4056 4057 4058 4059 4060 4061 4062 4063 4064
		4065 4066 4067 4068 4069 4070 4071 4072 4073 4074 4075 4076 4077 4078
		4079 4080 4081 4082 4083 4084 4085 4086 4087 4088 4089 4090 4091 4092
		4093 4094 4095 4096 4097 4098 4099 4100 4101 4102 4103 4104 4105 4106
		4107 4108 4109
		#BTNEW
		5096 5303 5304
		#BT7.0 Egypt and Nubia
		5261 5262 5263 5264 5265 5267 5268 5269 5270 5271 5272 5273 5274 5275 5276 5277 5278 5279 5280 5281 5282 5283 5284 5285 
		5286 5287 5288 5289 5290 5266 5300 5301 5302 5297 5298 
		#BT South Africa
		5340 5341 5342 5343 5344 5345 5346 5347 5348 5349 5350 5351 5352 5353 5354 5355 5356 5357 5358 5359 
		5360 5361 5362 5363 4782 5365 5366 5367 5368 5369 5370 5371 5372 5373 5374 789 5376 4781 5378 4784 
		5380 5381 5382 5383 5384 5385 5386 5387 5388 5389 5390 5391 5392 5393 5394 5395 5396 5397 5398 5399 
		5400 5401 5402 5403 5404 5405 5406 5407 5408 5409 5410 5411 5412 5413 5414 5415 5416 5417 5418 5419 
		5420 5421 5422 5423 5424 5425 5426 5427 5428 
		#BT 11.0
		5221 5222 5223 5319
		#New 1.28 provinces
		4561 4562 4563 4564 4565 4566 4567 4568 
		# 1.30 South Africa
		4781 4782 4783 4784
	}
}

natives_asian = {
	graphical_culture = indiangfx
	color = { 255  255  80 }
	icon = 3
	
	unit = east_asian_spearmen
	
	provinces = {
		# Middle east + central asia
		377 378 379 380 381 382 383 384 385 386 387 388 389 390 391 392 393 394 395 396 397
		398 399 400 401 402 403 404 405 406 407 408 409 410 411 412 413 414 415 416 417 418
		419 420 421 422 424 425 426 427 428 429 430 431 432 433 434 435 436 437 438 439
		440 441 442 443 444 445 446 447 448 449 450 451 452 453 454 455 456 457 458 459 460
		461 462 463 464 465 466 467 468 470 471 472 473 476 477 478 479
		# More Middle East & Central Asia
		2306 2307 2308 2309 2310 2311 2312 2313 2314 2327 2328 2329 2330 2331 2332 2333 2334
		2335 2336 2337 2338 2339 2340 2341 2342 2343 2344 2345 2346 2347
		# New Arabia
		4268 4269 4270 4271 4272 4273 4274 4275
		4276 4277 4278 4279 4280 4281 4282 4283
		4284 4285 4286 4287 4288 4289 4290 4291
		4292 4293 4294 4295 4296 4297 4298
		#Caucasus
		4299 4300 4301 4302 4303 4304 4305 4306
		#Anatolia
		4307 4308 4309 4310 4311 4312 4313 4314 4315
		#Persia changes
		2202 2205 2206 2207 2209 2210 2211 2212 2213 2214 2215 2216 2217 2218 2219 2220 2221
		2222 2223 2224 2225 2226 2227 2228 2229 2230 2231 2232 2233 2234 2235 2236 2200 4171
		4324 4325 4326 4327 4328 4329 4330 4331 4332 4333 4334 4335 4336 4337 4338 4339
		4340 4341 4342 4343 4344 4345
		# India
		503 504 505 506 507 508 509 510 511 512 513 514 515 516 517 518 519 520 521 522 523
		524 525 526 527 528 529 530 531 532 533 534 535 536 537 538 539 540 541 542 543 544
		545 546 547 548 549 550 551 552 553 554 555 556 557 558 559 560 561 562 563 564 565
		566 567 568 569 570 571 572 573 574 575 576 577 578 1946 1948 1949 1947
		#More India
		2026 2027 2028 2029 2030 2031 2032 2033 2034 2035 2036 2037 2038 2039 2040 2041 2042
		2043 2044 2045 2046 2047 2048 2049 2050 2051 2052 2053 2054 2055 2056 2057 2058 2059
		2060 2061 2062 2063 2064 2065 2066 2067 2068 2069 2070 2071 2072 2073 2074 2075 2076
		2077 2078 2079 2080 2081 2082 2083 2084 2085 2086 2087 2088 2089 2090 2091 2092 2093
		2094 2095 2096 2097 2098 2099 2100 2101
		4407 4408 4409 4410 4411 4412 4413 4414 4415 4416 4417 4418 4419 4420 4421
		4422 4423 4424 4425 4426 4427 4428 4429 4430 4431 4432 4433 4434 4435 4436
		4437 4438 4439 4440 4441 4442 4443 4444 4445 4446 4447 4448 4449 4450 4451
		4452 4453 4454 4455 4456 4457 4458 4459 4460 4461 4462 4463 4464 4465 4466
		4467 4468 4469 4470 4471 4472 4473 4474 4475 4476 4477 4478 4479 4480 4481
		4482 4483 4484 4485 4486 4487 4488 4489 4490 4491 4492 4493 4494 4495 4496
		4497 4498 4499 4500 4501 4502 4503 4504 4505 4506 4507 4508 4509 4510 4511
		# South East Asia
		579 580 581 582 583 584 585 586 587 588 589 590 591 592 593 594 595 596 597 598 599
		600 601 602 603 604 605 606 607 608 609 610 611 612 613 614 615 616 617 618 619 620
		621 622 623 624 625 626 627 628 629 630 631 632 633 634 635 636 637 638 639 640 641
		642 643 644 645 646 647 648 649 650 651 652 653 654 655 656 657 658 659 660 661
		# China and Places like that
		662 663 664 665 666 667 668 669 670 671 672 673 674 675 676 677 678 679 680 681 682
		683 684 685 686 687 688 689 690 691 692 693 694 695 696 697 698 699 700 701 702 703
		704 705 706 707 708 709 710 711 712 713 714 715 716 717 718 719 720 721 722 723 724
		725 726 727 728 729 730 731 732 733 734 735 736 737 738 739 740 1850 1845 1816 1836
		1838 1821 1822 1833 1824 1829 1840 1844 1817 1823 1815 
		#Dharma new Tibetan additions etc
		4512 4513 4514 4515 4516 4517 4518 4519 4520 4521 4522
		#New Greater China region provs
		2102 2103 2104 2105 2106 2107 2108 2109 2110 2111 2112 2113 2114 2115 
		2116 2117 2118 2119 2120 2121 2122 2123 2124 2125 2126 2127 2128 2129 
		2130 2131 2132 2133 2134 2135 2136 2137 2138 2139 2140 2141 2142 2143 
		2144 2145 2146 2147 2148 2149 2150 2151 2152 2153 2154 2155 2156 2157 
		2158 2159 2160 2161 2162 2163 2164 2165 2166 2167 2168 2169 2170 2171 
		2172 2173 2174 2175 2176 2177 2178 2179 2180 2181 2182 2183 2184 2185 
		2186 2187 2188 2189 2190 2191 2192 2193 2194 2741 2742 2743 2744 2745
		2747 2748
		#Even more Greater China provinces
		4194 4195 4196 4197 4198 4199 4200 4201 4202 4203 4204 4205 4206 4207
		4208 4209 4210 4211 4212 4213 4214 4215 4216 4217 4218 4219 4220 4221 
		4222 4223
		# Japan and the far east
		1012 1013 1014 1015 1016 1017 1018 1019 1020 1021 1022 1023 1024 1025 1026 1027 1028
		1029 1030 1031 1032 1847 1852 1843 1837 1835 1839 1832 1830 1825 1820 1819 1818 
		4131
		4180 4181 4182 4183 4184 4185 4186 4187 4188 4189 4190 4191 4192 4193 4359 4360 #More Japan
		4227 4228 4229 4230 4231 4232 #More Korea
		4348 4349 4350 4351 4352 4353 4354 4355 4356 #More Philippines
		# An Island 
		1248
		# Australia
		1084 1085 1086 1087 1088 1089 1090 1091 1092 1093 1094
		# New Zealand
		1106 1107 1108 1109
		# Islands and places like that
		1235 1236 1237 1238 1239 1240 1241 1242 1243 1244 1245 1246
		1986 1987 1988 1989 1990 1991 1992 1993 1994 1995 1996 1997
		1998 1999
		2718 2719 2720 2721 2722 2723 2724
		2726 2727 2728 2729 2730 2731 2732 2733 2734 2735 2736
		2737 2738 2739
		# Additional Provinces in Indochina & Indonesia
		2371 2372 2373 2374 2375 2376 2377 2378 2379 2380 2381 2382 2383 2384 2385 2386 2387
		2388 2389 2390 2391 2392 2393 2394 2395 2396 2397 2398 2399 2400 2401 2402 2403 2404
		2673 2674 2675 2676 2677 2678 2679 2680 2681 2682 2683 2684 2685 2686 2687 2688 2689
		2690 2691 2692 2693 2694 2695 2696 2697 2698 2699 2700 2701 2702 2703 2704 2705 2706
		2707 2708 2709 2710 2711 2712 2713 2714 2715 2716 2717 2725
		2102 2103 2104 2105 2106 2107 2108 2109 2110 2111 2112 2113 2114 2115 
		2116 2117 2118 2119 2120 2121 2122 2123 2124 2125 2126 2127 2128 2129 
		2130 2131 2132 2133 2134 2135 2136 2137 2138 2139 2140 2141 2142 2143 
		2144 2145 2146 2147 2148 2149 2150 2151 2152 2153 2154 2155 2156 2157 
		2158 2159 2160 2161 2162 2163 2164 2165 2166 2167 2168 2169 2170 2171 
		2172 2173 2174 2175 2176 2177 2178 2179 2180 2181 2182 2183 2184 2185 
		2186 2187 2188 2189 2190 2191 2192 2193 2194 2741 2742 2743 2744 2745
		2747 2748
		2354 2360 2358 2352 2370 2362 1973 2350 1967 2356 1969 2364 2368 2999
		#BTNEWPROVINCES
		5028 5021 5022 5023 5024 5025 5026 5029 5291 5292 5293 5294 5295 5296 5330 5331 5332 5333 5334 
		#BtPLegacy Arabian Provinces
		5230 5231 5232 5233 5234 5235 5236 5237 5238 5239 5240 5241 5242 5243 5244 5245 5246 5247 5248 5249 5250 5251 5252 5253 5254 
		5255 5256 5257 5258 5259 5260
		#BTOceania
		5597 5598 5599 5600 5601 5602 5603 5604 5605 5606 5607 5608 5609 5610 5817 5818
		
	}
}

natives_siberian = {
	graphical_culture = inuitgfx
	color = { 127  255  255 }
	icon = 4
	
	unit = mongolian_bow
	
	provinces = {
		480 1033 1034 1035 1036 1037 1038 1039 1040 1041 1042 1043 1044
		1045 1046 1047 1048 1049 1050 1051 1052 1053 1054 1055 1056 1057 1058 1059 1060 1061
		1062 1063 1064 1065 1066 1067 1068 1069 1070 1071 1072 1073 1074 1075 1076 1078
		1080 1781 1782 1783
		2426 2427 2430 2431 2444 2441 2428 2429 2434 2432 2433 2443 2445 2435 2436 2437 2438 2439 2442 2446 2440
		2993 2994 2995 2996 2997 2998 3000 3001 
		#Scandinavia
		1 2 3 4 5 6 7 8 9 10 11 12 13 14 15 16 17 18 19 20 21 22 23 24 25 26 27 28 29 30 31
		1930 1981 1982 1983 1984 1985 2752
		#Baltic Coast
		32 33 34 35 36 37 38 39 40 41 42 43 767 770 1834 1841 1842 1935
		#Germany
		44 45 46 47 48 49 50 51 52 53 54 55 56 57 58 59 60 61 62 63 64 65 66 67 68 69 70 71
		72 73 74 75 76 77 78 79 80 81 82 83 84 85 86 128 129 130 131 132 133 134 165 166 1757
		1758 1759 1760 1761 1762 1763 1769 1770 1771 1772 1775 1857 1858 1863 1867 1868 1869
		1870 1871 1872 1873 1874 1876 1878 1880 1931 2955 2956 2957 2964
		2965 2966 2967 2968 2969 2970 2971 2972 2973 2975
		4237 4238
		#Lowlands
		87 88 89 90 91 92 93 94 95 96 97 98 99 100 1742 1743 1744 1865 1866
		#Italy
		101 102 103 104 105 106 107 108 109 110 111 112 113 114 115 116 117 118 119 120 121
		122 123 124 125 126 127 1774 1862 1875 1933 1934 2974
		2976 2977 2978 2979 2980 2981 2982 2983 2984 2985 2986 2992
		#Balkans & Southeastern Europe
		135 4753 137 138 139 3002 141 142 143 144 145 146 147 148 149 150 151 152 153 154 155
		156 157 158 159 160 161 162 163 164 1756 1764 1765 1766 1767 1768 1826 1827 1828 1831
		1864 1951 1952 1953 1954 2348 2746 2750 4755 4236 4239 4240
		#France
		167 168 4384 170 171 172 173 174 175 176 177 178 179 180 181 182 183 184 185 186 187
		188 189 190 191 192 193 194 195 196 197 198 199 200 201 202 203 204 205 1877 1879 4696
		2753
		#Iberia
		206 207 208 209 210 211 212 213 214 215 216 217 218 219 220 221 222 223 224 225 226
		227 228 229 230 231 232 333 1745 1746 1747 1748 1749 1750 1851 2751 2754 2755 2987 2988 2989 2990
		#British isles
		233 234 235 236 237 238 239 240 241 242 243 244 4785 246 247 248 249 250 251 252 253
		1860 1861
		#Poland
		254 255 256 257 258 259 260 261 262 263 264 265 266 267 268 269 270 271 272 273 274
		275 276 277 278 279 280 281 1859 1936 1937 1938 1939 1940 1941 1942 1943 1944 1945 2405 2424 2958 2959 2960 2961 2962 2963   
		#Russia
		282 283 284 285 286 287 288 289 290 291 292 293 294 295 296 297 298 299 300 301 302
		303 304 305 306 307 308 309 310 311 312 313 314 315 1752 1753 1754 1755 1776 1777 1778
		1780 1955 1956 1957 1958 1959 1960 1961 1962 1963 1964 1965 1974
		475 1972 474 469 1856 1971 771 
		#Russian new provinces
		2406 2407 2408 2409 2410 2411 2412 2413 2414 2415 2416 2417 2418 2419 2420 2421 2422 2423 2425 2447 2749
		#Turkey
		316 317 318 319 320 321 322 323 324 325 326 327 328 329 330 331 332 1846 1848	
		2296 2297 2298 2299 2300 2301 2302 2303 2304 2305
		#Atlantic islands
		366 367 368 369 370 371 372 373 374 4118 376 1978 1979
		#More bits of Russia
		1077 1079 1081 1082 1083 423
		#New Additions MN:
		4110 4111 4112 4113 4114 4115 4116 4117 4378 4119 4120 4121 4122 4123 4124 4125 4126 4127 4128 4129 4373
		#Island
		1247
		#More bits of Greece
		1773 1853 3003
		#Persia changes
		2195 2196 2197 2198 2199 2201 2203 2204 2208 
		2365 2367 2366 
		#BTP Added by Draiocht
		3284 3285 4129 5591 5674 5675 5677 5678 5650 5649 5648 
		#New 1.22 provinces
		4241 4242 4243 4244 4245 4246 4247 4248 4249 4250 4251 4252 4253 4254 4255 4256 4257 4258 4259 4260 4261 
		4262 4263 4264 4265 4266 4267 
	}
}
