
	#List of tags changed by Petrus for sake of balance
	670 671 683 684 690
	1816 1821 1822 1824 1833
	2142 2148 2150 2151 2157
	6687 6712 6713 6714

	#additional changes from between BT10 and CIP
	#mostly down to buffing Japan back with proper development
	
	

	#South East Asia
	579 580 581 582 583 584 585 586 587 588 589 590 591 592 593 594 595 596 597 598 599
	600 601 602 603 604 605 606 607 608 609 610 611 612 613 614 615 616 617 618 619 620
	621 622 623 624 625 626 627 628 629 630 631 632 633 634 635 636 637 638 639 640 641
	642 643 644 645 646 647 648 649 650 651 652 653 654 655 656 657 658 659 660 661
	1016 1022 1815 1817 1823
	# Additional Provinces in Indochina & Indonesia
	2371 2372 2373 2374 2375 2376 2377 2378 2379 2380 2381 2382 2383 2384 2385 2386 2387
	2388 2389 2390 2391 2392 2393 2394 2395 2396 2397 2398 2399 2400 2401 2402 2403 2404
	2673 2674 2675 2676 2677 2678 2679 2680 2681 2682 2683 2684 2685 2686 2687 2688 2689
	2690 2691 2692 2693 2694 2695 2696 2697 2698 2699 2700 2701 2702 2703 2704 2705 2706
	2707 2708 2709 2710 2711 2712 2713 2714 2715 2716 2717 2725
	# New Burma provinces
	4393 4394 4395 4396 4397 4398 4399 4400 4401 4402 4403 4404 4405 4406
	1099 #Socotra
	#China and Places like that
	662 663 664 665 666 667 668 669 670 671 672 673 674 675 676 677 678 679 680 681 682
	683 684 685 686 687 688 689 690 691 692 693 694 695 696 697 698 699 700 701 702 703
	704 705 706 707 708 709 710 711 712 713 714 715 716 717 718 719 720 721 722 723 724
	725 726 727 728 729 730 731 732 733 734 735 736 737 738 739 740 1784 1785 1786 1787
	1788 1816 1821 1822 1824 1829 1833 1836 1838 1850
	#New Greater China region provs
	2102 2103 2104 2105 2106 2107 2108 2109 2110 2111 2112 2113 2114 2115 
	2116 2117 2118 2119 2120 2121 2122 2123 2124 2125 2126 2127 2128 2129 
	2130 2131 2132 2133 2134 2135 2136 2137 2138 2139 2140 2141 2142 2143 
	2144 2145 2146 2147 2148 2149 2150 2151 2152 2153 2154 2155 2156 2157 
	2158 2159 2160 2161 2162 2163 2164 2165 2166 2167 2168 2169 2170 2171 
	2172 2173 2174 2175 2176 2177 2178 2179 2180 2181 2182 2183 2184 2185 
	2186 2187 2188 2189 2190 2191 2192 2193 2194 2741 2742 2743 2744 2745
	2747 2748
	#1.20 Greater China region additions
	4194 4195 4196 4197 4198 4199 4200 4201 4202 4203 4204 4205 4206 4207
	4208 4209 4210 4211 4212 4213 4214 4215 4216 4217 4218 4219 4220 4221 
	4222 4223 
	#Dharma new Tibetan additions etc
	4514 4515 4516 4517 4518 4519 4520 4521 4522
	#Japan and the far east
	1012 1013 1014 1015 1017 1018 1019 1020 1021 1023 1024 1025 1026 1027 1028
	1029 1030 1031 1032 1033 1034 1035 1036 1037 1038 1039 1040 1041 1042 1043 1044 1045
	1046 1047 1048 1049 1050 1051 1052 1053 1054 1055 1056 1057 1058 1059 1060 1061 1062
	1063 1064 1065 1066 1067 1068 1069 1070 1071 1073 1074 1075 1076 1818
	1819 1820 1825 1830 1832 1835 1837 1839 1843
	1847 1852 4131
	4180 4181 4182 4183 4184 4185 4186 4187 4188 4189 4190 4191 4192 4193 4359 4360 #More Japan
	4227 4228 4229 4230 4231 4232 #More Korea
	4348 4349 4350 4351 4352 4353 4354 4355 4356 #More Philippines
	#An Island
	1248	
	#New stuff
	1840 1844 1845 1849 1854 1855 1967 1968 1969
	
	1371 #Canton Tradenode
	1400 #Philippines Tradenode
	1365 #Siam
	1361 #Malacca
	1376 #Nippon
	1343 #Ganges
	1340 #comorin
	1335 #basra
	
	2369 2357 2354 2360 2355 2368 2364 2356 2363 2350 2349 2370 2352 2358 2353 2351 2359 1781 1782 1783
	2362 2361 1966
	2426 2740
	
	#Siberian New Province
	1072 1780 2427 2428 2429 2430 2431 2432 2433 2434 2435 2436 2437 2438 2439 2440 2441 2442 2443 2444 2445 2446
	
	#Anatolia - Moved by Draiocht to Asia
	316 317 318 319 321 322 323 324 325 326 327 328 329 330 331 332 1846 1848 2296 2297 2298 2299 2300 
	2301 2302 2303 2304 2305
	#BeyondTypus Changes
	3248 364 365 4171 3254 
	#BeyondTypusMiddleEast
	5028 5077 5130 5131 5134 5135 5137 5138 5139 5150 5151 5152 5154 5155 5157 5158 5161 5162 5163 5164 
	5165 5167 5168 5206 5145 5146 5147 5156 5293 5296 5170 5171 5172 5180 5181 5192 5193 5202 5203 5205 
	5231 5232 5233 5235 5239 5241 5243 5244 5246 5249 5250 5251 5255 5256 5295 4179 5330 5331 5332 5333 
	5334 
	#1.23 new
	4268 4269 4270 4271 4272 4273 4274 4275 4276 4277 4278 4279 4280 4281 4282 4283 4284 4285 4286 4287 
	4288 4289 4290 4291 4292 4293 4294 4295 4296 4297 4298 4300 4302 4303 4304 4307 4308 4309 4310 
	4311 4312 4313 4314 4315 4324 4325 4326 4327 4328 4329 4330 4331 4332 4334 4335 4336 4337 4338 4339 
	4340 4341 4342 4343 4344 4345 
	#1.23 BtP and BT provinces replaced by vanilla
	#5132 5160 5133 5149 5166 5153 5136 5169  #BT provinces replaced by vanilla in 1.23 - Anatolia
	#5183 5179 5182 5202 5159 5204  #BT provinces replaced by vanilla in 1.23 - Levant
	#5148 5292 5294 3255 5291  #BT provinces replaced by vanilla in 1.23 - Armenia
	#5230 5234 5237 5253 5260 5254 5252 5257 5248 5247 5245 5236 5258 5242 5238 5259 5240  #BT provinces replaced by vanilla in 1.23 - Arabia
	
	#CIP - China
	6660 6661 6662 6663 6664 6665 6666 6667 6668 6669
	6670 6671 6672 6673 6674 6675 6676 6677 6678 6679
	6680 6681 6682 6683 6684 6685 6686 6687 6688 6689
	6690 6691 6692 6693 6694 6695 6696 6697 6698 6699
	6700 6701 6702 6703 6704 6705 6706 6707 6708 6709
	6710 6711 6712 6713 6714 6715 6716 6717 6718 6719
	6720 6721 6722 6723 6724 6725 6726 6727 6728 6729
	6730 6731 6732 6733 6734 6735 6736 6737 6738 6739
	6740 6741 6742 6743 6744 6745 6746 6747 6748 6749
	6750 6751 6752 6753 6754 6755 6756 6757 6758 6759
	6760 6761 6762 6763 6764 6765 6766 6767 6768 6769
	6770 6771 6772 6773 6774 6775 6776 6777 6778 6779
	6780 6781 6782 6783 6784 6785 6786 6787 6788 6789
	6790 6791 6792 6793 6794 6795 6796 6797 6798 6799
	6800 6801 6802 6803 6804 6805 6806 6807 6808 6809
	6810 6811 6812 6813 6814 6815 6816 6817 6818 6819
	6820 6821 6822 6823 6824 6825 6826 6827 6828 6829
	6830 6831 6832 6833 6834 6835 6836 6837 6838 6839
	6840 6841 6842 6843 6844 6845 6846 6847 6848 6849
	6850 6851 6852 6853 6854 6855 6856 6857 6858 6859
	6860 6861 6862 6863 6864 6865 6866 6867 6868 6869
	6870 6871 6872 6873 6874 6875 6876 6877 6878 6879
	6880 6881 6882 6883 6884 6885 6886 6887 6888 6889
	6890 6891 6892 6893 6894 6895 6896 6897 6898 6899
	6900 6901 6902 6903 6904 6905 6906 6907 6908 6909
	6910 6911 6912 6913 6914 6915 6916 6917 6918 6919
	6920 6921 6922 6923 6924 6925 6926 6927 6928 6929
	6930 6931 6932 6933 6934 6935 6936 6937 6938 
	
	#CIP - Nippon
	7280 7281 7282 7283 7284 7285 7286 7287 7288 7289
	7290 7291 7292 7293 7294 7295 7296 7297 7298 7299
	7300 7301 7302 7303 7304 7305 7306 7307 7308 7309
	7310 7312 7313 7314 7315 7316 7318 7319
	7320 7321 7322 7323 7324 7325 7326 7327 7328 7329
	7330 7331 7332 7333 7334 7335 7336 7337 7338 7339
	7340 7341 7342 7343 7344 7345 7346 7347 7348 7349
	7350 7351 7352 7353 7354 7355 7356 7357 7358 7359
	7360 7361 7362 7363 7364 7365 7366 7367 7368 7369
	
	#CIP - Korea and Vietnam
	7370 7371 7372 7373 7374 7375 7376 7377 7378 7379 7380 
	7381 7382 7383 7384 7385 7386 7387 7388 7389 7390 7391 7392 7393 7394 7395 7396 7397 
	
	6939 6940 6941 6942 6984 6985 6986 6987 6989 6990 6992 6993 6994 6995 6996 6997
	
		#########################################################################
	
	
	#CIP IDS
	605 606 607 610 613 616 
	660 661 662 663 664 665 666 667 668 669 670 671 672 673 674 675
	679 680 681 682	683 684 685 686 687 688 689 690 691 692 693 694 
	695 696 697 698 699 700 701 702 703 704 705 706 707 708
	726 732 733 734 735 736 737 738
	1012 1013 1014 1015 1016 1017 1018 1019 1020 1021 1022 1023 1024 1025 1026 1027 1028
	1029 1030 1031 1032 1033 
	1816 1818 1819 1820 1821 1822 1824 1825 1829
	1830 1832 1833 1835 1836 1837 1838 1839 1840
	1843 1845 1847 1852
	2111 2112 2113 
	2136 2137 2138 2139 2140 2141 2142 2143 
	2144 2145 2146 2147 2148 2149 2150 2151 2152 2153 2154 2155 2156 2157 
	2158 2159 2160 2161 2162 2163 2164 2165 2166 2167 2168 2169 2170 2171 
	2172 2173 2174 2175 2176 2177 2178 2179 2180 2181 2182 2183 2184
	2371 2372 2373 2374 2375 2376 2377
	2694
	2741 2742 2743 2744 2745 2748
	4131
	4180 4181 4182 4183 4184 4185 4186 4187 4188 4189 4190 4191 4192 4193 
	4194 4195 4196 4197 4198 4199
	4211 4212 4213
	4223 
	4227 4228 4229 4230 4231 4232
	4359 4360
	
	#CHINA OWN ADDITIONS
	NEED SEPERATE CHECKING
	
	6660 6661 6662 6663 6664 6665 6666 6667 6668 6669
	6670 6671 6672 6673 6674 6675 6676 6677 6678 6679
	6680 6681 6682 6683 6684 6685 6686 6687 6688 6689
	6690 6691 6692 6693 6694 6695 6696 6697 6698 6699
	6700 6701 6702 6703 6704 6705 6706 6707 6708 6709
	6710 6711 6712 6713 6714 6715 6716 6717 6718 6719
	6720 6721 6722 6723 6724 6725 6726 6727 6728 6729
	6730 6731 6732 6733 6734 6735 6736 6737 6738 6739
	6740 6741 6742 6743 6744 6745 6746 6747 6748 6749
	6750 6751 6752 6753 6754 6755 6756 6757 6758 6759
	6760 6761 6762 6763 6764 6765 6766 6767 6768 6769
	6770 6771 6772 6773 6774 6775 6776 6777 6778 6779
	6780 6781 6782 6783 6784 6785 6786 6787 6788 6789
	6790 6791 6792 6793 6794 6795 6796 6797 6798 6799
	6800 6801 6802 6803 6804 6805 6806 6807 6808 6809
	6810 6811 6812 6813 6814 6815 6816 6817 6818 6819
	6820 6821 6822 6823 6824 6825 6826 6827 6828 6829
	6830 6831 6832 6833 6834 6835 6836 6837 6838 6839
	6840 6841 6842 6843 6844 6845 6846 6847 6848 6849
	6850 6851 6852 6853 6854 6855 6856 6857 6858 6859
	6860 6861 6862 6863 6864 6865 6866 6867 6868 6869
	6870 6871 6872 6873 6874 6875 6876 6877 6878 6879
	6880 6881 6882 6883 6884 6885 6886 6887 6888 6889
	6890 6891 6892 6893 6894 6895 6896 6897 6898 6899
	6900 6901 6902 6903 6904 6905 6906 6907 6908 6909
	6910 6911 6912 6913 6914 6915 6916 6917 6918 6919
	6920 6921 6922 6923 6924 6925 6926 6927 6928 6929
	6930 6931 6932 6933 6934 6935 6936 6937 6938 
	6939 6940 6941 6942 
	6984 6985 6986 6987 6989 6990
	#CUT AMYZ 6991
	6992 6993 6994 6995 6996 6997
	7280 7281 7282 7283 7284 7285 7286 7287 7288 7289
	7290 7291 7292 7293 7294 7295 7296 7297 7298 7299
	7300 7301 7302 7303 7304 7305 7306 7307 7308 7309
	7310 #CUT 7311 7317  
	7312 7313 7314 7315 7316 7318 7319
	7320 7321 7322 7323 7324 7325 7326 7327 7328 7329
	7330 7331 7332 7333 7334 7335 7336 7337 7338 7339
	7340 7341 7342 7343 7344 7345 7346 7347 7348 7349
	7350 7351 7352 7353 7354 7355 7356 7357 7358 7359
	7360 7361 7362 7363 7364 7365 7366 7367 7368 7369
	7370 7371 7372 7373 7374 7375 7376 7377 7378 7379 7380 
	7381 7382 7383 7384 7385 7386 7387 7388 7389 7390 7391 7392 7393 7394 7395 7396 7397 
	
	
	
	#############
	
	676 677 678 
	709 710 711 712 713 714 715 716 717 718 719 720 721 722 723 724
	725 727 728 729 730 731
	739 740 
	1784 1785 1786 1787
	1034 1035 1036 1037 1038 1039 1040 1041 1042 1043 1044 1045
	1046 1047 1048 1049 1050 1051 1052 1053 1054 1055 1056 1057 1058 1059 1060 1061 1062
	1063 1064 1065 1066 1067 1068 1069 1070 1071 1073 1074 1075 1076 
	1099 #Socotra
	1248	
	1335 #basra
	1340 #comorin
	1343 #Ganges
	1361 #Malacca
	1365 #Siam
	1371 #Canton Tradenode
	1376 #Nippon
	1788 1850
	1844 1849 1854 1855 1967 1968 1969
	2102 2103 2104 2105 2106 2107 2108 2109 2110 
	2114 2115 
	2116 2117 2118 2119 2120 2121 2122 2123 2124 2125 2126 2127 2128 2129 
	2130 2131 2132 2133 2134 2135 
	2369 2357 2354 2360 2355 2368 2364 2356 2363 2350 2349 2370 2352 2358 2353 2351 2359 1781 1782 1783
	2378 2379 2380 2381 2382 2383 2384 2385 2386 2387
	2388 2389 2390 2391 2392 2393 2394 2395 2396 2397 2398 2399 2400 2401 2402 2403 2404
	2673 2674 2675 2676 2677 2678 2679 2680 2681 2682 2683 2684 2685 2686 2687 2688 2689
	2690 2691 2692 2693 2695 2696 2697 2698 2699 2700 2701 2702 2703 2704 2705 2706
	2707 2708 2709 2710 2711 2712 2713 2714 2715 2716 2717 2725

	#More Japan
	
	2185 2186 2187 2188 2189 2190 2191 2192 2193 2194 2747 
	
	1400 #Philippines Tradenode
	
	4222 
	
		
	4393 4394 4395 4396 4397 4398 4399 4400 4401 4402 4403 4404 4405 4406
	2362 2361 1966
	2426 2740
	
	3248 364 365 4171 3254 
	
	4268 4269 4270 4271 4272 4273 4274 4275 4276 4277 4278 4279 4280 4281 4282 4283 4284 4285 4286 4287 
	4288 4289 4290 4291 4292 4293 4294 4295 4296 4297 4298 4300 4302 4303 4304 4307 4308 4309 4310 
	4311 4312 4313 4314 4315 4324 4325 4326 4327 4328 4329 4330 4331 4332 4334 4335 4336 4337 4338 4339 
	4340 4341 4342 4343 4344 4345 
	
	 4200 4201 4202 4203 4204 4205 4206 4207
	4208 4209 4210 
	 
	4214 4215 4216 4217 4218 4219 4220 4221 
	 #More Korea
	4348 4349 4350 4351 4352 4353 4354 4355 4356 #More Philippines
	 
	 
	
	#1.20 Greater China region additions
	#1.23 BtP and BT provinces replaced by vanilla
	#1.23 new
	#5132 5160 5133 5149 5166 5153 5136 5169  #BT provinces replaced by vanilla in 1.23 - Anatolia
	#5148 5292 5294 3255 5291  #BT provinces replaced by vanilla in 1.23 - Armenia
	#5183 5179 5182 5202 5159 5204  #BT provinces replaced by vanilla in 1.23 - Levant
	#5230 5234 5237 5253 5260 5254 5252 5257 5248 5247 5245 5236 5258 5242 5238 5259 5240  #BT provinces replaced by vanilla in 1.23 - Arabia
	# Additional Provinces in Indochina & Indonesia
	# New Burma provinces
	#An Island
	#BeyondTypus Changes
	#China and Places like that
	#Japan and the far east
	#New Greater China region provs
	#New stuff
	#CIP - China
	
	
	#CIP - Nippon
	
	#CIP - Korea and Vietnam
	
	
	##########################################
	
	SEPERATE NOTES
	
	605 606 607 610 613 616 
	660 661 662 663 664 665 666 667 668 669 670 671 672 673 674 675
	679 680 681 682	683 684 685 686 687 688 689 690 691 692 693 694 
	695 696 697 698 699 700 701 702 703 704 705 706 707 708
	726 732 733 734 735 736 737 738
	1012 1013 1014 1015 1016 1017 1018 1019 1020 1021 1022 1023 1024 1025 1026 1027 1028
	1029 1030 1031 1032 1033 
	1816 1818 1819 1820 1821 1822 1824 1825 1829
	1830 1832 1833 1835 1836 1837 1838 1839 1840
	1843 1845 1847 1852
	2111 2112 2113 
	2136 2137 2138 2139 2140 2141 2142 2143 
	2144 2145 2146 2147 2148 2149 2150 2151 2152 2153 2154 2155 2156 2157 
	2158 2159 2160 2161 2162 2163 2164 2165 2166 2167 2168 2169 2170 2171 
	2172 2173 2174 2175 2176 2177 2178 2179 2180 2181 2182 2183 2184
	2371 2372 2373 2374 2375 2376 2377
	2694
	2741 2742 2743 2744 2745 2748
	4131
	4180 4181 4182 4183 4184 4185 4186 4187 4188 4189 4190 4191 4192 4193 
	4194 4195 4196 4197 4198 4199
	4211 4212 4213
	4223 
	4227 4228 4229 4230 4231 4232
	4359 4360
	
	
	#nerfed in CIP
	major
	1012 1014 1015 1017 1018 1019 1021 1024 1026 1028 1029 1030 1031 1032 1033
	1818 1819 1820 
	minor
	1013 1016 
	other
	1020 1023 1025 1027 
	Explain: Most seem to be part of Japan and not dev-doubled, needs research - might be a bias in CIP
	
	
	#buffed in CIP
	major
	1816 
	minor
	other
		
	
	WTF stuff:
	6713 6714 
	6687 
	
		
	NERFING LIST:
	679 680 
		
	
		
	OK SAVE:
	
	WTF NEEDS NERF AND RESEARCH:
	671 683 690 691 693 
	1824 1833 
	2142 2148 2150 
	6687 ##6692## 6713 #work on this 
		
	reasonable but still needs to be lower:
	667 684 1821 1816
	
	
	Okay WTFFFFF
	1824 - - -
		
	
	
	Wenzhou
	Ji'an
	Huai'an
	Shaoxin
	Jinhua
	
	Nanchang
	
	
	691 693 needs more research
	
	6687 copy of 2151 - 
	
	683
	670 684 
	1821 1822
	2151 2157
	6712 6714
	
		
	6713 
	
	
	
	Japanese fix
	1019 harima
	1020 Yamashiro
	1023 Echizen - not
	1024 Echigo
	1025 Dewa
	1027 Hitachi
	1028 Musashi
	1029 Kai _ Gold v livestock
	1818 chikuzen
	1839 Suruga
	2142 Huai'an
	
	--------------
	Japanese
	1012 - 1021
	1026
	1030-1033
	1819-1820
	1825 1830 1832 1835 1837 1843 1847 1852
	-----
	
	
	china things to check:
	1822 1824 1833 1838 1840 2137 2138 2139 2140 2143 2144 2146 2147
	1836 luoyang
	1845 Pyongan
	2112 Andong
	2113 Gaizhou
	2136 Xuanhua
	2141
	2145
	2148 Shaoxin
	2149
	2376 Prek Russey
	2745 Gyengju
	2748 - Jianchang
	
	greater nerf: 2150 2151 2152 2157 	# 4190 4195 4196 4197
	2162 2163 2164 2168 2170 2172 2175 2177 2178 2694 2741 2742 2743 2744 
	- - 2153 - -
	research - 2166 2167 2173 2174
	buff
	2154 2155 
	2156 2158
	
	2159 2160 2161 2165 2169 2171 
	2176 2179 2181 2182 2183 2184 
	#Vietnam research: 
	2371 2372 2373 2374 2375 2377 
	#japan post 4100
	4131 4180 4181 4182 4183 4184 4185 4186 4187 4188 4192 4193 4194 
	#research: 4189 4191  4198 4199 4211 4212 4213
	
	