europe = {
	#Scandinavia
	1 2 3 4 5 6 7 8 9 10 11 12 13 14 15 16 17 18 19 20 21 22 23 24 25 26 27 28 29 30 31
	1930 1981 1982 1983 1984 1985 2752 4113 4114 4123 4124 4141 4142 4143 4144 4145 4146
	4149 4151 4152 4163 4164 4165 4166
	#Baltic Coast
	32 33 34 35 36 37 38 39 40 41 42 43 767 770 1834 1841 1842 1935
	#Germany
	44 45 46 47 48 49 50 51 52 53 54 55 56 57 58 59 60 61 62 63 64 65 66 67 68 69 70 71
	72 73 74 75 76 77 78 79 80 81 82 83 84 85 86 128 129 130 131 132 133 134 165 166 1757
	1758 1759 1760 1761 1762 1763 1769 1770 1771 1772 1775 1857 1858 1863 1867 1868 1869
	1870 1871 1872 1873 1874 1876 1878 1880 1931 2955 2956 2957 2964
	2965 2966 2967 2968 2969 2970 2971 2972 2973 2975 2993 2994 2995 2996 
	4237 4238
	# Germany 1.30
	4707 4708 4709 4710 4711 4712 4713 4714 4715 4716 4717 4718 4741 4742 4743 4744 4745
	4746 4747 4748 4749 4771 4772 4773 4774 4775

	# Bohemia and Switzerland 1.30
	4719 4720 4721 4722 4723 4724 4725 4726 4778
	#Lowlands 
	87 88 89 90 91 92 93 94 95 96 97 98 99 100 1742 1743 1744 1865 1866 2974 4381 4382 4383
	#Italy
	101 102 103 104 105 106 107 108 109 110 111 112 113 114 115 116 117 118 119 120 121
	122 123 124 125 126 127 1774 1862 1875 1933 1934
	2976 2977 2978 2979 2980 2981 2982 2983 2984 2985 2986 2992 7069 7164 7165 7247
	#Balkans & South Eastern Europe
	135 136 137 138 139 140 141 142 143 144 145 146 147 148 149 150 151 152 153 154 155
	156 157 158 159 160 161 162 163 164 1756 1764 1765 1766 1767 1768 1826 1827 1828 1831
	1864 1951 1952 1953 1954 2348 2746 2750 1318 2998 3000 3001 3002 4125 4126 4127 4128 
	4173 4174 4175 4176 4236 4239 4240
		#Anatolia
		#4307 4308 4309 4310 4311 4312 4313 4314 4315 
		#Caucasus
		#4301 4303 4306
	#France
	167 168 169 170 171 172 173 174 175 176 177 178 179 180 181 182 183 184 185 186 187
	188 189 190 191 192 193 194 195 196 197 198 199 200 201 202 203 204 205 1877 1879 2753 2991
	4384 4385 4386 4387 4388 4389 4390 4391 4392
	# 1.30 France
	4694 4695 4696 4697 4776 4777
	#Iberia
	206 207 208 209 210 211 212 213 214 215 216 217 218 219 220 221 222 223 224 225 226
	227 228 229 230 231 232 333 1745 1746 1747 1748 1749 1750 1851 2751 2754 2755
	2987 2988 2989 2990 4150
	4546 4547 4548 4549 4550 4551 4552 4553 4554 4555 4556 4557 4558 4559 4560 4565
	#British isles
	233 234 235 236 237 238 239 240 241 242 243 244 245 246 247 248 249 250 251 252 253
	1860 1861 4118 4119 4120 4121 4130 4361 4362 4363 4364 4365 4366 4367 4368 4369 4370
	4371 4372 4373 4374 4375 4376 4377 4378 4379 4380 4785
	#Poland
	254 255 256 257 258 259 260 261 262 263 264 265 266 267 268 269 270 271 272 273 274
	275 276 277 278 279 280 281 1859 1936 1937 1938 1939 1940 1941 1942 1943 1944 1945 2405 2424
	2958 2959 2960 2961 2962 2963 2997
	#Russia
	282 283 284 285 286 287 288 289 290 291 292 293 294 295 296 297 298 299 300 301 302
	303 304 305 306 307 308 309 310 311 312 313 314 315 1752 1753 1754 1755 1776 1777 1778
	1955 1956 1957 1958 1959 1960 1961 1962 1963 1964 1965 1974
	475 1972 473 464 425 463 462 1856 468 466 1971 467 771 4115 4116 4117 4122 4129 4147 4148
	4241 4242 4243 4244 4245 4246 4247 4248 4249 4250 4251 4252 4253 4254 4255
	4256 4257 4258 4259 4260 4261 4262 4263 4264 4265 4266 4267
	#Russian new provinces
	2406 2407 2408 2409 2410 2411 2412 2413 2414 2415 2416 2417 2418 2419 2420 2421 2422 2423 2425 2447 2749 4178
		#Turkey
		#316 317 318 319 320 321 322 323 324 325 326 327 328 329 330 331 332 1846 1848	
		#2296 2297 2298 2299 2300 2301 2302 2303 2304 2305
		#Pre-siberia:
		#1078 1080 1780 1966 2441 2444 2427 
	#Atlantic islands
	366 367 368 369 370 371 372 373 374 375 376 1978 1979
	#More bits of Russia
	1077 1079 1081 1082 1083 423
	#Europe Additions MN:
	4110 4111 4112
	#Island
	1247
	#More bits of Greece
	1773 1853 3003
	# Greece and Bulgaria 1.30
	4698 4699 4700 4701 4702 4703 4704 4705 4706 4779 4780
	#Persia changes
	422 2195 2196 2198 2199 2201 2203 2204 2208 
	# More PLC
	4523 4524 4525 4526 4527 4528 4529 4530 4531 4532 4533 4534 4535 4536 4537 4538 4539 4540 4541 4542 4543 4544 4545
	# Italy 1.30
	4727 4728 4729 4730 4731 4732 4733 4734 4735 4736 4737 4738 4739 4740
	# Balkans 1.30
	4750 4751 4752 4753 4754 4755 4756 4757
	# Austria 1.30
	4758 4759 4760 4761 4762
	# Rhineland and Netherlands 1.30
	4764 4765 4766 4767 4768 4769 4770
	
	# New Impassables
	4153 4154 4155 4156 4157 4159 4160 4161 4162 4763
	
	1323 #Crimea Trade Node
	1320 #Constantinople Tradenode
	1297 #Genoa
	1926 #Baltic
	1652 #WhiteSea
	1293 #Sevilla
	1276 #Bourdaux
	1281 #North Sea
	1308 #Venice
	4786 4787 4788 4789

	############
	## BtP/BT Additions/Changes
	#TradeNodes
	1284 #IrishSea
	
	#Ireland
	3005 3006 3009 3014 #Relisted: 375 4377 4379 4380
	#Britain
	3019 3028 3034 3036 3137 3138 3139 #Relisted: 245 4130 4361 4362 4363 4365 4366 4368 4369 4370 4371 4372 4375 4374 7376 
	#Italy
	3039 3040 3042 3045 3294 
	#3037 3038 3041 3043 3044 
	10670 
	#3047 3295
	#Austria
	3051 #IR: 3048 3049 
	7763 
	#3052
	#Switzerland 
	#3054 
	10081 10087
	#3056
	#Benelux
	3058 3060 3063 3064 3066 #Relisted: 3061 3065 4381 4382 4383
	#France
	3068 3070 3071 3073 3077 3081 3083 3085 3087
	3089 3110 #Relisted: 169 3069 
	10664 
	#3084 3088 3090 3092 3109 4385 4386 4387 4388 4389 4390 4391 4392
	#Iberia
	3099 3104 4556 3108
	#Relisted: 3100 3106 4550 4551 4553 4554 4555 4557 4547 4546 4548 4549
	#Scandinavia
	3114 3115 3117 3118 3119 3120 3121 3122 3123 3124 3128 3134
	#Bohemia/Silesia
	3142 
	#3141 3143 
	7179 
	#3297
	#Slovakia
	3146
	#Hungary
	3148 3151
	#Romania
	3152 3154 3156 3157 3159 3160 3164
	#3163
	#Bulgaria
	3165 3168 3169
	#3166 3167
	#Greece
	3170 3174 3177  3179 3180 3195
	#3171 3172 3173 3175 3176 3178
	#Illyria
	3182 3185 3193 3194 
	#3181 3183 3184 3187 3190 3192 
	3191
	#Germany
	3135 3199 3200 3201 3203 3204 3207 3209 3292
	#3197 
	10563 
	10555 
	#3205 
	10581 
	#3208 3210 3211 3212 3213 3214 3215 3216 3217
	#Poland/Baltic
	3220 3221 3223 3224 3225 3226 3227 3229 3230 3231 3293
	#Ukraine
	3238 3239 3241 3242 3243 3244 3245 3246 3247 3302
	#Relisted: 4541
	#Caucasus
	3250 3251 3253 3256
	#Russia
	3261 3262 3263 3264 3265 3266 3267 3268 3270 3271 3273 3276 3277 3278 3279 3280 3281 3282 3284 3285 3290 3291 3301

	#Ottoman provinces Europe
	320
	
	#1.23 Caucasus
	4299 4305 4306 4301
	
	#BTPLegacyChangesInEurope
	5097 4559 4364 3008 5094 5091 5092 5591 5642 5643 5645 5647 5648 5649 5650 5651 5652
	5653 5654 5655 5656 5657 5658 5659 5660 5661 5662 5663 5664 5665 5666 5667 5668 5669 5670 5671 5672
	5673 5674 5675 5676 5677 5678 5679 5680 5681 5682 5683 5644 5646
	#10.0 Italy
	7001 7002 7003 7004 7005 7006 7007 7008 7009 7011 7012 7013 7014 7015 7016 7017 7018 7019 7020 7021 7022 7024
	7025 7026 7027 7028 7029 7030 7031 7032 7033 7034 7035 7036 7037 7038 7039 7040 7041 7042 7043 7044 7045 7046 7047 7048 7049
	7050 7051 7052 7053 7054 7055 7056 7057 7058 7059 7060 7061 7062 7063 7064 7065 7066 7067 7068 7070 7071 7072 7074
	7075 7076 7078 7079 7080 7081 7082 7083 7084 7085 7086 7087 7088 7089 7090 7091 7092 7093 7094 7095 7096 7097 7098 7099
	#10.0 Balkans
	7100 7101 7102 7103 7104 7106 7107 7108 7109 7110 7111 7112 7113 7114 7115 7116 7117 7118 7120 7121 7122 7123 7124 7125 7126
	7127 7128 7129 7130 7131 7132 7133 7134 7136 7137 7138 7139 7140 7141 7142 7143 7144 7145 7146 7147 7148 7149 7150 7151
	7152 7153 7154 7155 7156 7157 7158 7159 7163
	#10.0 GDL
	5684 5685
	7190 7191 7192 7193 7194 7195 7196 7197 7198 7199 7200 7201 7202 7203 7204 7205 7206 7207 7208 7209 7210 7211 7212 7213 7214
	7215 7216 7217 7218 7219 7220 7221 7222 7223 7224 7225 7226 7227 7228 7229 7230 7231 7232 7233 7234 7235 7236 7237 7238 7239
	7240 7241 7242 7243 7244 7245 7246 7248 7249 7250 7251 7252 7253 7254 7255 7256 7257 7258 7259 7262 7263 7264
	7266 7267 7268 7269 7270 7271 7272 7273 7274 7275 7276 7277 7278 7279
	
	#BT 11.5
	7700 7701 7702 7703 7704 7705 7706 7707 7708 7709
	7710 7711 7712 7713 7714 7715 7717 7718 7719 7720 7721 7722 7723 7724 7725 7726 7727 7728 7729
	7730 7731 7732 7733 7734 7735 7736 7737 7738 7739 7740 7741 7742 7743 7744 7745 7746 7747 7748 7749
	7750 7751 7752 7753 7754 7755 7756 7757 7758 7759 7760 7761 7762 7764 7765 7766 7767 7768 7769
	7770 7771 7772 7773 7774 7775 7776 7777 7778 7779 7780 7781 7782 7783 7784 7785 7786 7787 7788
	7789 7790 7791 7792 7793 7794 7795 7796 7797 7798 7799 7800 7801 7802 7803 7804 7805 7806 7807
	7808 7809 7810 7811 7812 7813 7815 7816 7817 7818 7819 7821 7823 7824 7825 7826
	7827 7828 7829 7830 7831 7832 7833 7834 7835 7836 7837 7838 7839 7840 7841 7842 7843 7844 7845
	7846 7847 7848 7849 7850 7851 7852 7853 7854 7855 7856 7857 7858 7859 7860 7861 7862 7863 7864
	7865 7866 7867 7868 7869 7870 7871 7872 7873 7874 7875 7876 7877 7878 7879 7880 7881 7882 
	
	#12.0
	7766 7767 7768 7769 7770 7771 7772 7773 7774 7775 7776 7777 7778 7779 7780 7781 7782 7783 7784 7785 7786 7787 7788 7789 7790 
	7791 7792 7793 7794 7795 7796 7797 7798 7799 7800 7801 7802 7803 7804 7805 7806 7807 7808
	5544 5545 
	#12.0's France & Iberia
	7889 7890 7891 7892 7893 7894 7895 7896 7897 7898 7899 7900 7901 7903 7904 7905 7906 7907 7908 7909 7910 7911 7912 7913 
	7914 7915 7916 7917 7918 7919 7920 7921 7922 7923 7924 7925 7926 7927 7928 7929 7930 7931 7932 7933 7934 7935 7936 7937 7938 
	7939 7940 7941 7942 7944 7945 7946 7947 7948 7949 7950 7951 7952 7953 3091 7955 7956 7957 7958 7959 7960 7961 7962 7963 
	7964 7965 7966 7967 7968 7969 7970 7971 7972 7973 7974 7975 7976 7977 7978 7979 7980 7981 7982 7983 7984 7985 7986 7987 7988 
	7989 7990 7991 7992 7993 7994 7995 7996 7997 7998 7999 8013 8014 8015 8016 8017 8018 8019 8020 8021 8022 8023 8024 8025 8026 
	8027 8028 8029 8030 8031 8032 8033 8034 8035 8036 8037 8038 8039 8040 8041 8042 8043 8044 8045 8046 8047 8048 8049 3095
	8050 8051 8052 8053 8054 8055 8056 8057 8058 8059 8060 8061 8062 8063 8064 8065 8066 8067 8068 8069 8070 8071 8072 8073 8074 
	8075 8076 8077 8078 8079 8080 8081 8082 8083 8084 8085 8086 8087 8088 8089 8090 8091 8092 8093 8094 8095 8096 8097 8098 8099 
	8100 8101 8102 8103 8104 8105 8106 8107 8108 8109 8110 8111 8113 8114 8115 8116 8117 7954 8112 8118 8119 8120 8121 
	
	################
	#IR
	################
	#Amyzonis-Atlan Iberia
	10000 10001 10002 10003 10004 10005 10006 10007 10008 10009 10010 10011 10012 10013 10014 10015 10016 10017 10018 10019
	10020 10021 10022 10023 10024 10025 10026 10027 10028 10029 10030 10031 10032 10033 10035 10036 10037 10041 10042 10043 10044 10045 10046 10047 10053 10055 10056 10057 10058 10059
	10060 10061 10062 10063 10064 10065 10068 10069 10070 10071 10072 10073 10074 10075 10076 10077 10078 10079
	10124
	#10034
	#Amyzonis-Abraxis Switzerland
	10080 10082 10083 10084 10085 10086 10088 10089 10417 10418 10090 10091
	#Amyzonis Savoy
	10092 10093
	#Scotland & Ireland
	10307 10308 10309 10310 10311 10312 10313 10314 10315 10316 10317 10318 10319 10320 10321
	10322 10323 10324 10325 10326 10327 10328 10329 10330 10331 10332 10333 10334 10335 10336 10337 10338 10339 10340 10341 10342 10343 10344 10345 10346 10347
	10348 10349 
	#England & Wales
	10350 10351 10352 10353 10354 10355 10356 10357 10358 10360 10361 10362 10363 10364 10365 10366 10367 10368 10369 10370 10371 10372 10373 10374
	10375 10376 10377 10378 10379 10380 10381 10382 10383 10384 10385 10386 10387 10388 10389 10390 10391 10392
	#Eastern Europe
	10400 10401 10402 10403 10404 10405 10406 10407 10408 10409 10410 10411 10412 10413 10414 10415 10416 10419 10420 10421 10422 10423 10424 10426 10427 10428 10450
	10429 10430 10431 10432 10433 10434 10435 10436 10437 10439 10440 10441 10442 10443 10444 10445 10446
	10447 10448 10449 10451 10452 10453 10454 10455 10456 10457 10458 10459 10460 10461 10462 10463 10464 10465 10466 10467
	10468 10469 10470 10471 10472 10473 10474 10475 10476 10477 10478 10479
	10480 10481 10482 10483 10484 10485 10486 10487 10488 10489 10490 10491 10492 10493 10494 10495 10496 10497 10498 10499
	#Germany & Netherlands
	7948 8027 8020 8022 10505 10506 8018 7977 10509 8025 10511 10512 10513 7976 8120 7954 8021 7975 10520 10521 10522 10523 10524
	10525 10527 10528 10530 10531 10533 10536 10537 10538 10539 10540 10541 10542 10543 10544 10545 10546 10547 10549 10550
	10552 10553 10554 10556 10557 10558 10559 10561 10562 10564 10565 10566 10567 10569 10570 10571 10572 10575 10576
	10577 10578 10579 10580 10582 10584 10585 10586 10588 10589 10590 10593 10594 10595 10596 10597 10598 10599
	10685 10686 10687 10689
	
	#France
	7969 10601 7965 7966 7947 10605 10606 10607 10608 10609 10610 10612 7959 7971 10616 7988 7989 7991 10624 10625 
	10626 10628 10630 7925 7931 10633 7930 7923 7924 10637 10638 10639 10640 10641 7905 10643 10645  10648 10650 
	10652 7963 7927 10656 10657 7967 7910 7955 7950 7956 7932 10669  

	 10673 10674 10675 7921 7919 10679 
	#10627 10629
	#3048
	#LeRoi Misc Europe
	10688 10671 10672 10118 10119 10125 10126 10127 10128 10129 10130 10131 10132 10133 10135 10137 10156 10144 10146 10147 10148 10149 10150 10151 10300 10301 10302 10303 10304 10393 10394 10395 10396 10397 10398 10399 10425
	10167 10168 10169 10170 10171 10172 10173 10174 10175 10176 10177 10178 10179 10180 10181 10182 10183 10184 10185 10186 10187 10188 10189 10190 10191 10192 10193 10194 10195 10196 10197 10198 10199
	10204 10205 10206 10207 10208 10209 10210 10211 10166 10162 10163 10164 10165
	#LeRoi Caucasus
	10937 10938 10944 10945 10946 10947 10948 10949 10950 10951 10959 
	10960 10962 10963 10964 10965 10966 10967 10968 10969 10970 10971 10972 10973 10974 10975 10976 10977 10978 10979 10980 10981 10982 10983 10984 10985 10986 10987 10988 10989 
	10990 10991 10992 10993 10994 10995 10996 10997 10998 10999 11000 11001 11002 11003 11004 11005 11006 11007 11008 11009 11010 11011 11012 11013 11014 11015 11016 11018
	11020 11021 11022 11023 11024 11025 11026 11040 11041 11038 11039 11053 11056 11057 10039 11054 420 2202 421 419 9735
	
	#Wasteland:
	10682
	
	#READDED 
	7119 7073
	#LAKE
	10699
	
	#Mountains IR
	5118 5119 5121
	7160 7161 8154 8149 10688 10690 7167 7162 7168 7188 7189 10438
	7166 7181 7171 7169 10202 7170 7172 7175 7173 7174 7176 7180 10200 7182 7177 7187 7183 7178 7187 7186 10201 7185 7260 7184 7265 7261 10203
	
	10677 10691 10692 10693 10694 10695 10696 10697 10698 9738 9739
	
}

asia = {
	#Middle east + central asia
	364 377 378 379 380 381 382 383 384 385 386 387 388 389 390 391 392 393 394 395 396 397
	398 399 400 401 402 403 404 405 406 407 408 409 410 411 412 413 414 415 416 417 418
	424 426 427 428 429 430 431 432 433 434 435 436 437 438 439
	440 441 442 443 444 445 446 447 448 449 450 451 452 453 454 455 456 457 458 459 460
	461 465 469 470 471 472 474 476 477 478 479 480 1779 1970 1973
	2306 2307 2308 2309 2310 2311 2312 2313 2314 2327 2328 2329 2330 2331 2332 2333 2334
	2335 2336 2337 2338 2339 2340 2341 2342 2343 2344 2345 2346 2347 2365 2366 2367
	#Arabian Additions
	4268 4269 4270 4271 4272 4273 4274 4275
	4276 4277 4278 4279 4280 4281 4282 4283
	4284 4285 4286 4287 4288 4289 4290 4291
	4292 4293 4294 4295 4296 4297 4298
		#Caucasus
		#4299 4300 4302 4304 4305
	#Persia changes
	2205 2206 2207 2209 2210 2211 2212 2213 2214 2215 2216 2217 2218 2219 2220 2221
	2222 2223 2224 2225 2226 2227 2228 2229 2230 2231 2232 2233 2234 2235 2236 2200 2999
	4170 4171 4172 4177 4179 
	4324 4325 4326 4327 4328 4329 4330 4331 4332 4333 4334 4335 4336 4337 4338 4339
	4340 4341 4342 4343 4344 4345
	#India
	503 504 505 506 507 508 509 510 511 512 513 514 515 516 517 518 519 520 521 522 523
	524 525 526 527 528 529 530 531 532 533 534 535 536 537 538 539 540 541 542 543 544
	545 546 547 548 549 550 551 552 553 554 555 556 557 558 559 560 561 562 563 564 565
	566 567 568 569 570 571 572 573 575 576 577 578 1946 1947 1948 1949 1950
	2026 2027 2028 2029 2030 2031 2032 2033 2034 2035 2036 2037 2038 2039 2040 2041 2042
	2043 2044 2045 2046 2047 2048 2049 2050 2051 2052 2053 2054 2055 2056 2057 2058 2059
	2060 2061 2062 2063 2064 2065 2066 2067 2068 2069 2070 2071 2072 2073 2074 2075 2076
	2077 2078 2079 2080 2081 2082 2083 2084 2085 2086 2087 2088 2089 2090 2091 2092 2093
	2094 2095 2096 2097 2098 2099 2100 2101
	4407 4408 4409 4410 4411 4412 4413 4414 4415 4416 4417 4418 4419 4420 4421
	4422 4423 4424 4425 4426 4427 4428 4429 4430 4431 4432 4433 4434 4435 4436
	4437 4438 4439 4440 4441 4442 4443 4444 4445 4446 4447 4448 4449 4450 4451
	4452 4453 4454 4455 4456 4457 4458 4459 4460 4461 4462 4463 4464 4465 4466
	4467 4468 4469 4470 4471 4472 4473 4474 4475 4476 4477 4478 4479 4480 4481
	4482 4483 4484 4485 4486 4487 4488 4489 4490 4491 4492 4493 4494 4495 4496
	4497 4498 4499 4500 4501 4502 4503 4504 4505 4506 4507 4508 4509 4510 4511 4512 4513
	574 1101 1248 1998 1999
	#South East Asia
	579 580 581 582 583 584 585 586 587 588 589 590 591 592 593 594 595 596 597 598 599
	600 601 602 603 604 605 606 607 608 609 610 611 612 613 614 615 616 617 618 619 620
	621 622 623 624 625 626 627 628 629 630 631 632 633 634 635 636 637 638 639 640 641
	642 643 644 645 646 647 648 649 650 651 652 653 654 655 656 657 658 659 660 661
	1016 1022 1815 1817 1823
	# Additional Provinces in Indochina & Indonesia
	2371 2372 2373 2374 2375 2376 2377 2378 2379 2380 2381 2382 2383 2384 2385 2386 2387
	2388 2389 2390 2391 2392 2393 2394 2395 2396 2397 2398 2399 2400 2401 2402 2403 2404
	2673 2674 2675 2676 2677 2678 2679 2680 2681 2682 2683 2684 2685 2686 2687 2688 2689
	2690 2691 2692 2693 2694 2695 2696 2697 2698 2699 2700 2701 2702 2703 2704 2705 2706
	2707 2708 2709 2710 2711 2712 2713 2714 2715 2716 2717 2725 6641
	# New Burma provinces
	4393 4394 4395 4396 4397 4398 4399 4400 4401 4402 4404 4405 4406
	1099 #Socotra
	#Sri Lanka
	6635 6636 6637 6638 6639 6640 
	#China and Places like that
	662 663 664 665 666 667 668 669 670 671 672 673 674 675 676 677 678 679 680 681 682
	683 684 685 686 687 688 689 690 691 692 693 694 695 696 697 698 699 700 701 702 703
	704 705 706 707 708 709 710 711 712 713 714 715 716 717 718 719 720 721 722 723 724
	725 726 727 728 729 730 731 732 733 734 735 736 737 738 739 740 1784 1785 1786 1787
	1788 1816 1821 1822 1824 1829 1833 1836 1838 1850 6643 6644 6645 6969
	#New Greater China region provs
	2102 2103 2104 2105 2106 2107 2108 2109 2110 2111 2112 2113 2114 2115 
	2116 2117 2118 2119 2120 2121 2122 2123 2124 2125 2126 2127 2128 2129 
	2130 2131 2132 2133 2134 2135 2136 2137 2138 2139 2140 2141 2142 2143 
	2144 2145 2146 2147 2148 2149 2150 2151 2152 2153 2154 2155 2156 2157 
	2158 2159 2160 2161 2162 2163 2164 2165 2166 2167 2168 2169 2170 2171 
	2172 2173 2174 2175 2176 2177 2178 2179 2180 2181 2182 2183 2184 2185 
	2186 2187 2188 2189 2190 2191 2192 2193 2194 2741 2742 2743 2744 2745
	2747 2748
	#1.20 Greater China region additions
	4194 4195 4196 4197 4198 4199 4200 4201 4202 4203 4204 4205 4206 4207
	4208 4209 4210 4211 4212 4213 4214 4215 4216 4217 4218 4219 4220 4221 
	4222 4223
	#Dharma new Tibetan additions etc
	4514 4515 4516 4517 4518 4519 4520 4521 4522
	#Japan and the far east
	1012 1013 1014 1015 1017 1018 1019 1020 1021 1023 1024 1025 1026 1027 1028
	1029 1030 1031 1032 1033 1034 1035 1036 1037 1038 1039 1040 1041 1042 1043 1044 1045
	1046 1047 1048 1049 1050 1051 1052 1053 1054 1055 1056 1057 1058 1059 1060 1061 1062
	1063 1064 1065 1066 1067 1068 1069 1070 1071 1073 1074 1075 1076 1818
	1819 1820 1825 1830 1832 1835 1837 1839 1843
	1847 1852 4131
	4180 4181 4182 4183 4184 4185 4186 4187 4188 4189 4190 4191 4192 4193 4359 4360 4651 7311 #More Japan
	4227 4228 4229 4230 4231 4232 6960 6961 6962 6963 6964 6965 6966 6967 6968 #More Korea
	4348 4349 4350 4351 4352 4353 4354 4355 4356 #More Philippines	
	#New stuff
	1840 1844 1845 1849 1854 1855 1967 1968 1969 6943 6944 6945 6946 6947 6948 
	
	1371 #Canton Tradenode
	1400 #Philippines Tradenode
	1365 #Siam
	1361 #Malacca
	1376 #Nippon
	1343 #Ganges
	1340 #comorin
	1335 #basra
	
	2369 2357 2354 2360 2355 2368 2364 2356 2363 2350 2349 2370 2352 2358 2353 2351 2359 1781 1782 1783
	2362 2361
	2426 2740
	
	#Siberian New Province
	1072 2428 2429 2430 2431 2432 2433 2434 2435 2436 2437 2438 2439 2440 2442 2443 2445 2446 
	
	# New for 1.29 
	4652 4653 4654 4655 4656 4657 4658 4659 4660 4661 4662 4663 # Manchuria
	4664 4665 4666 4667 4668 4669 4670 4671 4672 4673 4674 4675 # Mongolia
	4676 4677 4678 4679 4680 4681 4682 4683 # Oirats
	4684 4685 4686 4687 4688 4689 4690 4691 4692 # Uzbeks/Kazakhstan
	4693 # Shanshan

	#Anatolia - Moved by Draiocht to Asia
	316 317 318 319 321 322 323 324 325 326 327 328 329 330 331 332 1846 1848 2296 2297 2298 2299 2300
	2301 2302 2303 2304 2305
	#BeyondTypus Changes
	3248 3254 #Relisted: 364 365 4171
	#BeyondTypusMiddleEast #CUT 5202 5193 5192 #is this 1.28?
	5028 5130 5131 5134 5135 5137 5138 5139 5150 5151 5152 5154 5155 5157 5158 5161 5162 5163 5164
	5165 5167 5168 5206 5145 5146 5147 5156 5293 5296 5170 5171 5172 5180 5181 5203 5205
	5231 5232 5233 5235 5239 5241 5243 5244 5246 5249 5250 5251 5255 5256 5295 5330 5331 5332 5333
	5334
	
	#Anatolia
	4307 4308 4309 4310 4311 4312 4313 4314 4315 10038 9500 9501 9502
	4300 4302 4303 4304
	
	#Pre-siberia:
	1078 1080 1780 1966 2441 2444 2427 
	
	#Relisted: 4179 4328
	
	#########################
	#CIP - China #cut 6848
	6660 6661 6662 6663 6664 6665 6666 6667 6668 6669
	6670 6671 6672 6673 6674 6675 6676 6677 6678 6679
	6680 6681 6682 6683 6684 6685 6686 6687 6688 6689
	6690 6691 6692 6693 6694 6695 6696 6697 6698 6699
	6700 6701 6702 6703 6704 6705 6706 6707 6708 6709
	6710 6711 6712 6713 6714 6715 6716 6717 6718 6719
	6720 6721 6722 6723 6724 6725 6726 6727 6728 6729
	6730 6731 6732 6733 6734 6735 6736 6737 6738 6739
	6740 6741 6742 6743 6744 6745 6746 6747 6748 6749
	6750 6751 6752 6753 6754 6755 6756 6757 6758 6759
	6760 6761 6762 6763 6764 6765 6766 6767 6768 6769
	6770 6771 6772 6773 6774 6775 6776 6777 6778 6779
	6780 6781 6782 6783 6784 6785 6786 6787 6788 6789
	6790 6791 6792 6793 6794 6795 6796 6797 6798 6799
	6800 6801 6802 6803 6804 6805 6806 6807 6808 6809
	6810 6811 6812 6813 6814 6815 6816 6817 6818 6819
	6820 6821 6822 6823 6824 6825 6826 6827 6828 6829
	6830 6831 6832 6833 6834 6835 6836 6837 6838 6839
	6840 6841 6842 6843 6844 6845 6846 6847 6849
	6850 6851 6852 6853 6854 6855 6856 6857 6858 6859
	6860 6861 6862 6863 6864 6865 6866 6867 6868 6869
	6870 6871 6872 6873 6874 6875 6876 6877 6878 6879
	6880 6881 6882 6883 6884 6885 6886 6887 6888 6889
	6890 6891 6892 6893 6894 6895 6896 6897 6898 6899
	6900 6901 6902 6903 6904 6905 6906 6907 6908 6909
	6910 6911 6912 6913 6914 6915 6916 6917 6918 6919
	6920 6921 6922 6923 6924 6925 6926 6927 6928 6929
	6930 6931 6932 6933 6934 6935 6936 6937 6938

	#CIP - Nippon 
	6939 6940 6941 6942 6943 6944 6945 6946 6947 6948 6949 
	6950 6951 6952 6953 6954 6955 6956 6957 6958 6959
	
	6984 6985 6986 6987 6989 
	6990 6992 6993 6994 6995 6996 6997
	
	7280 7281 7282 7283 7284 7285 7286 7287 7288 7289
	7290 7291 7292 7293 7294 7295 7296 7297 7298 7299
	7300 7301 7302 7303 7304 7305 7306 7307 7308 7309
	7310 	  7312 7313 7314 7315 7316 		7318 7319
	7320 7321 7322 7323 7324 7325 7326 7327 7328 7329
	7330 7331 7332 7333 7334 7335 7336 7337 7338 7339
	7340 7341 7342 7343 7344 7345 7346 7347 7348 7349
	7350 7351 7352 7353 7354 7355 7356 7357 7358 7359
	7360 7361 7362 7363 7364 7365 7366 7367 7368 7369
	7370 7371 7372 7373 7374 7375 7376 7377 7378 7379 
	7380 7381 7382 7383 7384 7385 7386 7387 7388 7389 7390 
	7391 7392 7393 7394 7395 7396 7397 7398 7399
	
	################
	#IR
	################
	
	11535 # Banda
	11547 11548 11549 11550 11551 11552 
	11553 11554 11555 11556 11557 11558 11559 11619 11620 #taipei
	
	#South East Asia
	6451 6452 6453 6454 6455 6456 6457 6458 6459 6460 6461 6462 6463 6464 6465 6466 6467 6468 6469
	6470 6471 6472 6473 6474 6475 6476 6477 6478 6479 6480 6481 6482 6483 6484 6485 6486 6487 6488 6489 6490 6491 6492 6493 6494
	6495 6496 6497 6498 6499 6500 6501 6502 6503 6504 6505 6506 6507 6508 6509 6510 6511 6512 6513 6514 6515 6516 6517 6518 6519
	6520 6521 6522 6523 6524 6525 6526 6527 6528 6529 6530 6531 6532 6533 6534 6535 6536 6537 6538 6539 6540 6541 6542 6543 6544
	6545 6546 6547 6548 6549 6550 6551 6552 6553 6554 6555 6556 6557 6558 6559 6562 6563 6564 6565 6566 6567 6568 6569
	6570 6571 6572 6573 6574 6575 6576 6577 6578 6579 6580 6581 6582 6583 6584 6585 6586 6587 6588 6589 6590 6591 6592 6593 6594
	6595 6596 6597 6598 6599 6600 6601 6602 6603 6604 6605 6606 6607 6608 6609 6610 6611 6612 6613 6614 6615 6616 6617 6618 6619
	6620 6621 6622 6623 6624 6625 6626 6627 6628 6629 6630 6631 6632 6633 6634
	
	#ANATOLIA - IR
	10245 10246 10247 10248 10249 
	10250 10251 10252 10253 10254 10255 10256 10257 10258 10259 10260 10261 10262 10263 10264 10265 10266 10267 10268 10269 
	10270 10271 10272 10273 10274 10275 10276 10277 10278 10279 10280 10281 10282 10283 10284 10285 10286 10287 10288 10289 
	10290 10291 10292 10293 10294 10295 10296 10297 10298 10299 10305 10306 10627 10629 
	9503 9504 9505 9506 9507 9508 9509 9510 9511 9512 9513 9514
	
	#Persia
	9550 9551 9552 9553 9554 9794 9795 9796 9797 9798 9799
	
	#Java/Moluccas Additions
	11125 11126 
	11350 11351 11352 11353 11354 11355 
	11358 11359 11360
	11362 11363 11753 11754
	
	#Sulawesi additions
	11367 
	11371 
	11373 11374 11375 11376 11377 11378 11379 11380
	
	#Malay Additions
	11381  11384  11738
	
	#Borneo Additions
	11385 11386 11387 11388 11389 11390 11391 11392
	11394 11395 11396 11397 11398 11399 11400
	
	#Philippine Additions
	11560 11561 11562 11563 11564
	11565 11566 11567 11568 11569 11570 11571 11572 11573 11574 11575 11576 11714
	
	#LeRoi Mesopotamia and Levant
	10927 10928 10929 10930 10931 10932 10932 10934 10935 10936 10939 10940 10941 10942 10943 10952 10953 10954 10955 10956 
	10957 10958 10961  
	11017 11027 11028 11029 11030 11031 11032 11033 11034 11035 11036 11037 11042 11043 11044 11045 11046 11047 11048 11049
	11050 11051 11052 11055 11058 11059 11060 11061 11062

	#LeRoi Misc Asia
	10134 10136 10152 10153 10154 10155 10157 11619 11620 11681 11682 11683 11684 11685 11686 11687 11688 11689 11690 11691 11692
	11693 11694 11695 11696 11698 11699 11705 11706 11708 11709 11710 11711 11712 11713 11715 11716 11717 11718 11719 11720 11721
	11722 11723 11724 11725 11726 11727 11634 10212
	#Middle East
	9716 9717 9718 9719 9720 9721 9722 9723 9724 9725 9726 9727 9728 9729 9730 9731 9732 9733 9734 9737 9738 9739 9740 9756 9757 9758 9759 9760 9761 9762 9763 9764 9765 9766 9767 9768 9769 9770 9771 9772 9773 9774 9775 9776 9777 9778 9779 9780 9781 9782 9783 9784 9785 9786 9787 9788 9789 9790 9791 9792 9793 9794 9795 9796 9797 9798 9799 9800 9801 9802 9803 9804 9805 9806 9807 9808 9809 9810 9811 9812 9813 9814 9815 9816 9817 9818 9819 9820 9821 9822 9823 9824 9825 9826 9827 9828 9829 9830 9831 9832 9833 9834 9835 9836 9837 9838 9839 9840 9841 9842 9843 9844 9845 9846 9847 9848 9849 9850 9851 9852 9853 9854 9855 9856 9857 9858 9859 9860 9861 9862 9863 9864 9865 9866 9867 9868 9869 9870 9871 9872 9873 9874 9875 9876 9877 9878 9879 9880 9881 9882 9883 9884 9885 9886 9887 9888 9889 9890 9891 9892 9893 9894 9895 9896 9897 9898 9899 9900 9901 9902 9903 9904 9905 9906 9907 9908 9909 9910 9911 9912 9913 9914 9915 9916 9917 9918 9919 9920 9921 9922 9923 9924 9925 9926 9927 9928 9929 9930 9931 9932 9933 9934 9935 9936 9937 9938 9939 9940 9941 9942 9943 9944 9945 9946 9947 9948 9949 9950 9951 9952 9953 9954 9955 9956 9957 9958 9959 9960 9961 9962 9963 9964 9965 9966 9967 9968 9969 9970 9971 9972 9973 9974 9975 9976 9977 9978 9979 9980 9981 9982 9983 9984 9985 9986 9987 9988 9989 9990 9991 9992 9993 9994 9995 9996 9997 9998 9999
	10218 10219 10220 10221 10222 10223 10224 10225 10226 10227 9755 9754 9751 9752 9745 9744 365 9753 9750 9747 9746 9748 9749 9743 9742 9741
	10233 10234 10235 10236 10237 10238 10239 10240 10241 10242 10243 10244 11697 11751 11752 11757 11750 11755 11748 11749 11759 11760 11756 11761 11758 11729 11730 11728 11740 11735 11732 11731 11739 11737 11733 11734 11741 11742 11743 11744 11745 11746 11747	11736
	6653 6648 6649 6659 6650 6656 6654 6657 6655 6651 6652 6658 6647 6646 10920 10921 10922 10933 11019 6638 6639 6637 6640 10214 10213 6636 11880 10924 10923 10925 10926
	9736 9737 9740 9741 9742 9743 
	#
	9400 9401 9402
	9403 9404 9405 9406 9407 9408 9409 9410 9411 9412 9413 9414 9415 9416 9417 9418 9419 9420 9421 9422 9423 9424 9425 9426 9427
	9428 9429 9430 9431 9432 9433 9434 9435 9436 9437 9438 9439 9440 9441 9442 9443 9444 9445 9446 9447 9448 9449 9450 9451 9452 9453 9454 9455 9456 9457 9458 9459 
	9460 9461 9462 9463 9464 9465 9466 9467 9468 9469 9470 9471 9472 9473 9474 9475 9476 9477 9478 9479 9480 9481 9482 9483 
	9484 9485 9486 9487 9488 9489 9490 9491 9492 9493 9494 9495 9496 9497 9498 9499 
	9500 9501 9502 9503 9504 9505 9506 9507 9508 9509 9510 9511 9512 9513 9514 9515 9516 9517 9518 9519 9520 9521 9522 9523 9524 
	9525 9526 9527 9528 9529 9530 9531 9532 9533 9534 9535 9536 9537 9538 9539 9540 9541 9542 9543 9544 9545 9546 
	9550 9551 9552	9553 9554 9555 9556 9557 9558 9559 9560 9561 9562 9563 9564 9565 9566 9567 9568 
	9569 9570 9571 9572 9573 9574 9575 9576 9577 9578 9579 9580 9581 9582 9583 9584 9585 9586 9587 9588 9589 9590 9591 9592 9593 9594 9595 9596 9597 9598 9599 
	9600 9601 9602 9603 9604 9605 9606 9607 9608 9609 9610 9611 9612 9613 9614 9615 9616 
	9617 9618 9619 9620 9621 9622 9623 9624 9625 9626 9627 9628 9629 9630 9631 9632 9633 9634 9635 9636 9637 9638 9639 9640 9641 9642 9643 9644 9645 9646 9647 9648 9649 9650 9651 9652
	9653 9654 9655 9656 9657 9658 9659 9660 9661 9662 9663 9664 9665 9666 9667 9668 9669 9670 9671 9672 9673 9674 9675 9676 9678 9679 9680 9681 9682 9683 9684 9685
	
	9686 9687 9688 9689 9690 9691 9692 9693 9694 9695 9696 9697 9698 9699 9700 9701 9702
	9703 9704 9705 9706 9707 9708 9709 9710 9711 9712 9713 9714 9715
	#
	9515 9516 9517 9518 9519 9520 9521 9522 9523 9524 
	#
	9555 9556 9557 9558 9559 9560 9561 9562 
	#NEW INDOCHINESE PROVINCES
	8480 8481 8482 8483 8484 8485 8486 8487 8488 8489 8490 8491 8492 8493 8494 8495 8496 8497 8498 8499 8500 8501 8502 8503 8504 8505 8506 8507
	8508 8509 8510 8511 8512 8513 8514 8515 8516 8517 8518 8519 8520 8521 8522 8523 8524 8525 8526 8527 8528 8529 8530 8531 8532 8533 8534 8535
	8536 8537 8538 8539 8540 8541 8542 
	3007 2197 3004 3010 3011 3012 3013 3016 3017 3018 3020 3021 3022 3023 3024 3025 3026 3027 3029 3030 3031 3032 3033 3035 3037 3038 3041 3043 3044 3046 3047 3048 3049 3050 3052 3053 3054 3055 3056 3057 3059 3061
	3062 3065 3067 3069 3072 3074 3075 3076 3078 3079 3080 3082 3084 3086 3088 3090 3091 3092 3093 3094 3095 3096 3097 3098 3100 3101 3102 3103 3105 3106 3107 3109 3116
	3125 3126 3127 3129 3130 3131 3132 3133 3136 3140 3141 3143 3144 3145 3147 3149 3150 3153 3155 3158 3161 3162 3163 3166 3167 3171 3172 3173 3175 3176 3178 3181 3183 3184 3186
}

africa = {
	#North Africa
	334 335 336 337 338 339 340 341 342 343 344 345 346 347 348 349 350 351 352 353 354
	355 356 357 358 359 360 361 362 363 1751 1793 1794 1795 1882
	2315 2316 2317 2318 2319 2320 2321 2322 2323 2324 2325 2326
	2448 2449 2450 2451 2452 2453 2454 2455 2456 2457 2458 2459 2460
	2461 2462 2463 2464 2465 2466 2467 2468 2469 2470 2471 2472 2473
	2474 2475
	4561 4562 4563 4564 4566 4567 4568 4569
	#Various Islands
	1096 1097 1100 1102 1103 4140
	#Most of Africa
	1110 1111 1112 1113 1114 1115 1116 1117 1118 1119 1120 1121 1122 1123 1124 1125 1126
	1127 1128 1129 1130 1131 1132 1133 1134 1135 1136 1137 1138 1139 1140 1141 1142 1143
	1144 1145 1146 1147 1148 1149 1150 1151 1152 1153 1154 1155 1156 1157 1158 1159 1160
	1161 1162 1163 1164 1165 1166 1167 1169 1170 1171 1172 1173 1174 1175 1176 1177
	1178 1179 1180 1181 1182 1183 1184 1185 1186 1187 1188 1189 1190 1191 1192
	1195 1196 1197 1198 1199 1200 1201 1202 1203 1204 1205 1206 1207 1208 1209 1210 1211
	1212 1213 1214 1215 1216 1217 1218 1219 1220 1221 1222 1223 1224 1225 1226 1227 1228
	1229 1230 1231 1232 1233 1234 1249 1796 1797 1798 1799 1800 1801
	#New overhaul provinces
	774 788 789 833 2237 2238 2239 2240 2241 2242 2243 2244 2245 2246 2247 2248 2249 2250 2251 2252
	2253 2254 2255 2256 2257 2258 2259 2260 2261 2262 2263 2264 2265 2266 2267 2268 2269
	2270 2271 2272 2273 2274 2275 2276 2277 2278 2279 2280 2281 2282 2283 2284 2285 2286
	2287 2288 2289 2290 2291 2292 2293 2294 2295 2756 2757 2758 2759 2760 2761 2762 2763
	2764 2765 2766 2767 2768 2769 2770 2771 2772 2773 2774 2775 2776 2777 2778 2779 2780
	2781 2782 2783 2784 2785 2786 2787 2788 2789 2790 2791 2792 2793 2794 2795 2796 2797
	2798 2799 2800 2801 2802 2856 2864 2880 2932
	1901 2948 2949
	798 1168 2950 2951 2952 2954 1306 4158
	#Egypt
	4316 4317 4318 4319 4320 4321 4322 4323
	1273 1925 #Kenya
	4033 #Sudan
	4034 4035 4036 4037 4038 4039 4040 4041 4042 4043 4044 4045 4046 4047 4048 4049 4050#Upper Zambezi
	#Madagascar
	4020# Comoros
	4021 4022 1792 1193 1194 4023 4024 4025 4026 4027 4028 4029 4030 4031
	4032
	#Central Africa
	4051 4052 4053 4054 4055 4056 4057 4058 4059 4060 4061 4062 4063 4064 4065 4066 4067 4068 4069 4070 4071 4072 4073 4074 4075 4076 4077 4078 4079 4080 4081 4082 4083 4084 4085 4086 4087 4088 4089 4090 4091 4092 4093 4094 4095 4096 4097 4098 4099 4100 4101 4102 4103 4104 4105 4106 4107 4108 4109 1098
	1460 #Cape of Good Hope	 TradeNode
	1463 #congo tradenode
	1331 #gulf of aden
	1448 #Zanzibar
	1466 #Ivory
	1470 #mauretanian
	2024
	1649 #Great Lakes Trade Node
	4167 4168 4169#Atlas Mountains

	#BeyondTypusAfrica
	5210 5211 5212 5213 5218 5219 5228 5229 4158 5261 5264 5267 5271 5272 5273 5274 5277 5278 5279 5280
	5281 5282 5283 5284 5285 5286 5287 5288 5289 5290 5266 5300 5301 5302 5297 5298 5303 5304 5306 5307
	4567 5309 5310 5311 5312 5313 5314 5315 5316 5317 5318 5320 5321 5322 5323 5324 5325 5326 5327
	5328 5329
	5340 5341 5342 5343 5344 5345 5346 5347 5348 5349 5350 5351 5352 5353 5354 5355 5356 5357 5358 5359
	5360 5361 5362 5363 5364 5365 5366 5367 5368 5369 5370 5371 5372 5373 5374 5375 5376 5377 5378 5379
	5380 5381 5382 5383 5384 5385 5386 5387 5388 5389 5390 5391 5392 5393 5394 5395 5396 5397 5398 5399
	5400 5401 5402 5403 5404 5405 5406 5407 5408 5409 5410 5411 5412 5413 5414 5415 5416 5417 5418 5419
	5420 5421 5422 5423 5424 5425 5426 5427 5428 5319
	5518 5519 5520 5521 5522
	5220 5221 5222 5223 5224 5225 5226

	#Amyzonis
	10100 10101 10102 10103 10104 10105 10106 10107 10108 10109
	10110 10111 10112 10113 10114
	10115 10116 10117
	
	10120 10121 10122 10123
	10228 10229 10230 10231 10232
	#Indian Ocean
	10216 10215 10217
}

north_america = {
	#Greenland
	1104 1105 1804
	#The Carribean
	481 482 483 484 485 486 487 488 489 490 491 492 493 494 495 496 497 498 499 500 501
	1881
	#Other Bits of North America
	835 836 837 838 839 840 841 842 843 844 845 846 847 848 849 850 851 852 853 854 855
	856 857 858 859 860 861 862 863 864 865 866 867 868 869 870 871 872 873 874 875 876
	877 878 879 880 881 882 883 884 885 886 887 888 889 890 891 892 893 894 895 896 897
	898 899 900 901 902 903 904 905 906 907 908 909 910 911 912 913 914 915 916 917 918
	919 920 921 922 923 924 925 926 927 928 929 930 931 932 933 934 935 936 937 938 939
	940 941 942 943 944 945 946 947 948 949 950 951 952 953 954 955 956 957 958 959 960
	961 962 963 964 965 966 967 968 969 970 971 972 973 974 975 976 977 978 979 980 981
	982 983 984 985 986 987 988 989 990 991 992 993 994 995 996 997 998 999 1000 1001
	1002 1003 1004 1005 1006 1007 1008 1009 1010 1011 1805 1806 1807 1808 1809 1810 1811
	1812 1813 1814
	2003 2004 2005 2006 2007 2008 2009 2010 2011 2012 2013 2014 2015 2016 2017 2018 2019
	2020 2021 2022 2023
	#AOW new provinces
	2476 2477 2478 2479 2480 2481 2482 2483 2484 2485 2486 2487 2488 2489 2490
	2491 2492 2493 2494 2495 2496 2497 2498 2499 2500 2501 2502 2503 2504 2505
	2506 2507 2508 2509 2510 2511 2512 2513 2514 2515 2516 2517 2518 2519 2520
	2521 2522 2523 2524 2525 2526 2527 2528 2529 2530 2531 2532 2533 2534 2535
	2536 2537 2538 2539 2540 2541 2542 2543 2544 2545 2546 2547 2548 2549 2550
	2551 2552 2553 2554 2555 2556 2557 2558 2559 2560 2561 2562 2563 2564 2565
	2566 2567 2568 2569 2570 2571 2572 2573 2574 2575 2576 2577 2578 2579 2580
	2581 2582 2583 2584 2585 2586 2587 2588 2589 2590 2591 2592 2593 2594 2595
 	2596 2597 2598 2599 2600 2601 2602 2603 2604 2605 2606 2607 2608 2609 2610
	2611 2612 2613 2614 2615 2616 2617 2618 2619 2620 2621 2622 2623 2624 2625
	2626 2627 2628 2629 2630 2631 2632 2633 2634 2635 2636 2637 2638 2639 2640
	2641 2642 2643 2644 2645 2646 2647 2648 2649 2650 2651 2652 2653 2654 2655
	2656 2657 2658 2659 2660 2661 2662 2663 2664 2665 2666 2667 2668 2669 2670
	2671 2672
	#Mesoamerica New Provinces
	
	4570 4571 4572 4573 4574 4575 4576 4577 4578 4579 4580 4581 4582 4583 4584 4585
	4586 4587 4588 4589 4590 4591 4592 4593 4594 4595 4597 4598 4618 4619
	4620 4621 4622 4623 4624 4625 4626 4627 4628 4629 4630 4631 4632 4633 4634 4635
	4636 4637 4638 4639 4640 4641 4642 4643 4644 4645 4646 4647 4648 4649 4650 4577
	4606

	1551 #Mexico Tradenode
	1507 #Mississipi
	1516 #Carribean
	1500 #Chesapeake
	1487 #Hudson 
	#1486 Hudson - weird??
	
	
	############
	## BtP/BT Additions/Changes
	#BtP
	3111 3112 3113
	#BTCHANGES
	1913
	#BTNEWPROVINCES
	4920 4921 4922 4923 4924 4925 4926 4927 4928 4929 4930 4931 4932 4933 4934 4935 4936 4937 4938 4939 4940 4941 4942 4943 4944 
	4945 4946 4947 4948 4949 4950 4951 4952 4953 4954 4955 4956 4957 4958 4959 4960 4961 4962 4963 4964 4965 4966 4967 4968 4969 
	4970 4971 4972 4975 4976 4977 4978 4979 4980 4981 4982 4983 4984 4985 4986 4987 4988 4989 4990 4991 4992 4993 4994 4995 4996 
	4997 4998 4999 5000 5001 5002 5003 5004 5005 5006 5007 5008 5009 5010 5011 5012 5013 5014 5015 5016 5017 5018 5019 5020 5030 
	5031 5032 5040 5041 5042 5043 5044 5045 5033 5034 5035 5046 5047 5048 5049 5050 5051 5052 5053 5054 5055 5056 5057 5058 5059 
	5060 5061 4649 5063 5064 5065 5066 5067 5068 5069 5070 5071 5072 5073 5074 5075 5076 5078 5079 5080 5081 5082 5083 5084 5085 
	5086 5087 5088 5089 5095 4619 5563 4618 5565 4620 5567 5573 5580 5587 5611 5639 5640 5641 4621 4624 4622 4623 5572 5574 5575 
	5576 5577 5578 5579 5581 5582 5583 5584 5585 5586 5588 5589 5590 5592 5593 5594 5595 5596 5612 5613 5614 5615 5616 5617 5618 
	5619 5620 5621 5622 5623 5624 5625 5626 5627 5628 5629 5630 5631 5632 5633 5634 5635 5636 5637 5638 5722 5723 5724 5725 5726 
	5727 5728 5729 5730 5731 5732 5733 5734 5735 5736 5737 5738 5739 5740 5741 5742 5743 5744 5745 5746 5747 5748 5749 5750 5751 
	5752 5753 5754 5755 5756 5757 5758 5759 5760 5761 5762 5763 5764 5765 5766 5767 5768 5769 5770 5771 5772 5773 5774 5775 5776 
	5777 5778 5779 5780 5781 5782 5782 5783 5784 5785 5786 5787 5788 5789 5790 5791 5792 5793 5794 5795 5796 5797 5798 5799 5800 
	5801 5802 5803 5804 5805 5806 5807 5808 5809 5810 5811 5812 5813 5814 5815 5816 5819 5820 5821 5822 5823 5824 5825 5826 5827 
	4632 4631 5830 4630 5832 5833 5834 5835 5836 5837 5838 5839 5840 5841 4634 5843 5844 5845 5846 5847 5848 5849 5850 5851 5852 
	5853 5854 5855 5856 5857 5858 5859 5860 5861 5862 5863 5864 5866 5867 5868 5869 5870 5871 5872 5873 5874 5875 5876 5877 
	5878 5879 5880 5881 5882 5883 5884 5885 5886 5887 5888 5889 5890 5891 5892 5893 5894 5895 5896 5897 5898 5899 5900 5901 5902 
	5903 5904 5905 5906 5907 5908 5909 5910 5911 5912 5913 5914 5915 5916 5917 5918 5919 8000 8001 8002 8003 8004 8005 8006 8007 
	8008 8009 8010 8011 8012 5077
	
	
	#BTNEWPROVINCESWASTELANDS
	5036 5037 5038 5039 4974 4973 5111 5112 5116 5117 5120 5123 5124 5507 5508 5509 5510 5511 5512 5513 5514 5515 5516 5517 5523 
	5524 5525 5526 5527 5528 5129 5127 
	5529 5530 5531 5532 5533 5534 5535 5536 5537 5538 5542 5543 
	#RemovedWastelandsBeyondTypus
	#5113 5122

	#BTARG
	7400 7401 7402 7403 7404 7405 7406
	7407 7408 7409 7410 7411 7413 7414 7415 7416 7417 7418 7419 7420
	7421 7422 7423 7424 7425 7426 7427 7428 7429 7430 7431 7432 7433 7434
	7435 7436 7437 7438 7439 7441 7442 7443 7444 7445 7446 7447 7448
	7449 7450 7451 7452 7453 7454 7455 7456 7457 7458 7459 7460
	7461 7462 7463 7464 7465 7466 7467 7468 7469 7470 7471 7472 7473 7474
	7475 7476 7477 7478 7479 7480 7481 7482 7483 7484 7485 7486 7487 7488
	7489 7490 7491 7492 7493 7494 7495 7496 7497 7499 7500 7501 7502
	7503 7504 7505 7507 7508 7509 7510 7511 7512 7513 7514 7515 7516
	7517 7519 7520 7521 7522 7523 7524 7525 7526 7527 7528 7529 7530 7531 7532 7533 7534 7535 7536
	7537 7538 7539 7540 7541 7542 7543 7544 7545 7546 7547 7548 7549  7551 7552 7553 7554
	7555 7556 7557 7558 7559 7560 7561 7562 7563 7564 7565 7566 7567 7568 7569 7570 7571 7572 7573 7574 7575 7576 7577 7578
	7580 7581 7582 7583 7584 7585 7586 7587 7588 7589 7590 7591 7592
	# replaced 1.28	7412 7440 7498 7506 7518

	#IR
	4606 4597

	#LeRoi Misc America
	10138 10139 10140 10141 10142 10143 10145 10680 10681 10096 10067 10050 10066 10097 10095 10094 10098 10099 10049 10048 10161 10160 10159 10158 10051 10054 10052 10040 10678 10683 10684
}

south_america = {
	741 742 743 744 745 746 747 748 749 750 751 752 753 754 755 756 757 758 759 760 761
	762 763 764 765 766 768 769 772 773 775 776 777 778 779 780 781 782
	783 784 785 786 787 790 791 792 793 794 795 796 797 799 800 801 802 803
	804 805 806 807 808 809 810 811 812 813 814 815 816 817 818 819 820 821 822 823 824
	825 826 827 828 829 830 831 832 834 1802 1803 1095 1531 1544 2002 2025
	2803 2804 2805 2806 2807 2808 2809 2810 2811 2812 2813 2814 2815 2816 2817 2818 2819
	2820 2821 2822 2823 2824 2825 2826 2827 2828 2829 2830 2831 2832 2833 2834 2835 2836
	2837 2838 2839 2840 2841 2842 2843 2844 2845 2846 2847 2848 2849 2850 2851 2852 2853
	2854 2855 2857 2858 2859 2860 2861 2862 2863 2865 2866 2867 2868 2869 2870
	2871 2872 2873 2874 2875 2876 2877 2878 2879 2881 2882 2883 2884 2885 2886 2887
	2888 2889 2890 2891 2892 2893 2894
	2895 2896 2897 2898 2899 2900 2901 2902 2903 2904 2905 2906 2907 2908 2909 2910 2911
	2912 2913 2914 2915 2916 2917 2918 2919 2920 2921 2922 2923 2924 2925 2926 2927 2928
	2929 2930 2931 2933 2934 2935 2936 2937 2938 2939 2940 2941 2942 2943 2944 2945
	2946 2947
	502
	10900 10901 10902 
	
	#mesoamerica additions	
	4596 4599 4600 4601 4602 4603 4604 4605 4607 4608 4609 4610 4611 4612 4613 4614
	4615 4616 4617
	
	#BEYOND TYPUS
	#BTNEWPROVINCES
	5027
}

oceania = {
	#Australia
	1084 1085 1086 1087 1088 1089 1090 1091 1092 1093 1094 1790 1791
	#New Zealand
	1106 1107 1108 1109
	#Islands and places like that
	1235 1236 1237 1238 1239 1240 1241 1242 1243 1244 1245 1246 1789
	1986 1987 1988 1989 1990 1991 1992 1993 1994 1995 1996 1997
	2718 2719 2720 2721 2722 2723 2724
	2726 2727 2728 2729 2730 2731 2732 2733 2734 2735 2736
	2737 2738 2739 11544
	1412 #Australia Tradenode
	
	#BTNEWPROVINCES
	5021 5022 5023 5024 5025 5026 5029 5093
	5597 5598 5599 5600 5601 5602 5603 5604 5605 5606 5607 5608 5609 5610
	5817 5818
	#BTNEWPROVINCESWASTELANDS
	5125
	
	################
	#IR
	################
	#IR Polynesia Rework
	11401 11402 11403 11404 11405 11406 11407 11408 11409 11410 11411 11412 11413 11414 11415 11416 11417 11418 11419 11420 11421 11422
	11423 11424 11425 11426 11427 11428 11429 11430 11431 11432 11433 11434 11435 11436 11437 11438 11439 11440 11441 11442 11443 11444 11445 11446 11447 11448
	11449 11450 11451 11452 11453 11454 11455 11456 11457 11458 11459 11460 11461 11462 11463 11464 11465 11466 11467 11468 11469 11470 11471 11472 11473 11474
	11475 11476 11477 11478 11479 11480 11481 11482 11483 11484 11485 11486 11487 11488 11489 11490 11491 11492 11493 11494 11495 11496 11497 11498 11499 11500
	11501 11502 11503 11504 11505 11506 11507 11508 11509 11510 11511 11512 11513 11514 11515 11516 11517 11518 11519 11520 11521 11522 11523 11524 11525 11526
	11527 11528 11529 11530 11531 11532 11533 11534 11536 11537 11538 11539 11540 11541 11542
	#NEW LeRoi
	11577 11578 11579 11580 11581 11582 11583 11584 11585 11586 11587 11588 11589 11590
	11591 11592 11593 11594 11595 11596 11597 11598 11599 11600 11601 11602 11603 11604 11605 11606 11607 11608 11609 11610 11611 11612 11613 11614 11615 11616
	11617 11618 11621 11622 11623 11624 11625 11626 11627 11628 11629 
	#11630
	11631 11632 11633 
	#11634
	11635 11636 11637 11638 11639 
	11640 11641 11642 11643 11644 11645 11646 11647 11648 11649 
	11650 11651 11652 11653 11654 11655 11656 11657 11658 11659 
	11660 11661 11662 11663 11664 11665 11666 11667 11668 11669 
	11670 11671 11672 11673 11674 11675 11676 11677 11678 11679
	11680 11707
	11700 11701
	
	#VICTORIAPLUS
	#Relisted: 1084 1085 1086 1087 1088 1089 1090 1091 1092 1093 1094  
	#Relisted: 2726 2727 2728 2729 2730 2731 2732 2733 2734 2735 2736  
	6560 6561 						
	11100 11101 11102 11103 11104 11105 11106 11107 11108 11109 11110 11111 11112 11113 11114 11115 11116 11117 11118 11119 11120 11121 11122 11123 11124 
	11127 11128 11129 11130 11131 11132 11133 11134 11135 11136 11137 11138 11139 11140 11141 11142 11143 11144 11145 11146 11147 11148 11149 11150 
	11151 11152 11153 11154 11155 11156 11157 11158 11159 11160 11161 11162 11163 11164 11165 11166 11167 11168 11169 11170 11171 11172 11173 11174 11175 
	11176 11177 11178 11179																	
	11185 11186																		
	11187 11188 11189 11190 11191 11192 11193 11194 11195 11196 11197 11198 11199 11200 11201 11202 11203 11204 11205 11206 11207 11208 11209 11210 11211 
	11212 11213 11214 11215 11216 11217 11218 11219 11220 11221 11222 11223 11224 11225 11226 11227 11228 11229 11230 11231 11232 11233 11234 11235 11236 
	11237 11238 11239 11240 11241 11242 11243 11244 11245 11246 11247
	11248 11249 11250 11251 11252 11253 11254 11255 11256 11257 11258 11259 11260 11261 11262 11263 11264 11265 11266 11267 11268 11269 11270 11271 11272 
	11273 11274 11275 11276 11277 11278 11279 11280 11281 11282 11283 11284 11285 11286 11287 11288 11289 11290 11291 11292 11293 11294 11295 11296 11297
	11298 11299 11300 11301 11302 11303 11304 11305 11306 11307 11308 11309 11310 11311 11312 11313 11314 11315 11316 11317 11318 11319 11320 11321 11322
	11323 11324 11325 11326 11327 11328 11329 11330 11331 11332 11333 11334 11335 11336 11337 11338 11339 11340 11341 11342 11343 11344 11345 11346 11347 
	11348 11349																				
	11356 11357 	
	11361																			
	11364 11365 11366
	11368 11369 
	11370 11372  
	11382 11383 11393 11545 11543 11546
		
	#Wastelands
	11180 11181 11182 11183 11184
}

island_check_provinces = {
	4296 # Bitlis- Europe/Asia/Africa
	852  # Mexico - America
	1084 # Wadjuk - West Australia
	1092 # Bundjalung - East Australia
	2728 # Tiwi - North Australia
}

# Used for RNW
new_world = {
}