
##################################################################
### Terrain Categories
###
###

#Reorganised by Draiocht
#First flat lands, Farmland-Grassland-Dryland-Steppe
#Then normal types, Woods-Forest-Coastline-Marsh
#Then hilly types, Hills-Highlands-Mountains
#Then exotic types, Savannah-Jungle-Desert-Coastal Desert-Glacial
#Other unused types at the bottom, except pti, which I dont want to mess with because I have no idea what it is for
#Also organised modifers into Colour-Sound-Supply-Movement Cost-Development Cost-Allowed Buildings-ND Cost-Defense-Defensiveness

#IMPERIALISM REINVIGORATED TERRAIN REWORK

categories =  {
	pti = {
	}
	
	farmlands = {
		color = { 179 255 64 }
		type = plains
		sound_type = plains
		
		max_attrition = 3
		supply_limit = 6
		movement_cost = 0.8
		
		local_autonomy = -0.05
		local_monthly_devastation = 0.5	
		local_years_of_nationalism = -5
		
		local_development_cost = -0.1
		local_state_maintenance_modifier = -0.1
		
		allowed_num_of_buildings = 3
		local_build_cost = -0.1
		local_build_time = -0.1
		regiment_recruit_speed = -0.1
	
		local_institution_spread = 0.2
		local_core_creation = -0.1
		local_culture_conversion_cost = 0.5
		local_colonial_growth = 20	
		local_defensiveness = -0.25
		
		nation_designer_cost_multiplier = 1.1

		terrain_override = {
		}		
	}

	grasslands = {
		color = { 61 210 61 }
		type = plains
		sound_type = plains
		
		max_attrition = 3
		supply_limit = 6
		movement_cost = 0.9
		local_monthly_devastation = 0.25
		allowed_num_of_buildings = 2
	
		local_institution_spread = 0.1
		local_culture_conversion_cost = -0.1
		local_colonial_growth = 10	
		local_defensiveness = -0.1
		
		nation_designer_cost_multiplier = 1
		
		terrain_override = {
			#Unaltered Vanilla
			229 149 1943 1942 516 517 526 539 543 552 548 549 562 2046 2055 
			2057 2059 2061 2062 2081 2084 2094 2101 772 773 778 905 2632 2848 2851 2852 
			155 896 2511 2850 1086 704 726 
			730 2110 42 1818 1837 1839 1845 4230
			
			#Beyond Typus
			3123 2732 4385 4369 4939 4377 
			5018 5033 4120 251 3139 239 
			906 3276 4253 5658 1956 307 4147 1753 308 2598 5638 
			2856 5360 
			
			#Amyzonis
			2647 4150 831 4339 417 2214 4341 218 227 7987 7985
			1008 5625 2016 5626 2512 10404 426 1744 4770 3060 7896
			2975 3199 3292 84 3200 10590 85 10537 1760 80 83 78 7178
			686 6729 6802 6717 6746 6750 692 6919 6769 6770 4195 6774
			54 10498 9973 9996 9972 103
			5766 10420 10416 65
			208 10019 10020 10021 4552 10031 206 3099 230 1851 1746 10045 231 368 10063 #iberia
			1867 4721 165 10083 1869 #Switzerland
			361 5264 2388 #General changes
			6476 6474 6475 589 602 8510 8511
			2983 7086 1774 107 7048 119 2980 7018 7017 2978 #Italy
			4020 6822 #11/19
			536 1082 4437 458 564 4472 680 6863 97 98 191 4636 4950 484 4621#12/1
			9503 5130 5171 317 5156
			4181 7287 1825 1020 7320 7322 6957
			271 4534 7860 1935 7841 2171 7337
			7154 1764 2750 3169 7152 7155
			#scotland 
			3019 249 248 250 10368 10352 4372 
			#ireland
			4121 375 3005 10316 376 10321
			#BTARG
			7448 7491 7499 7500 7501 7507 7508 7511 7512 7516 7519 7520 7522
			886 887 2499 2500 2667 2668 #BTARG altered vanilla
			11569 2697 656 246 7829 7837
			#CIP
			4189 7333 4231 10376 4383 2155
			#oceania
			11471 11323 641 596 6579
			7176 133 10541 4709 7180 4761 10405 4237 11693
			#LeRoi Misc
			10204 10206
			597 11728 6569 11731 2394 6572
			609 7753 4 1102 10200 10201 2392
		}
	}
	
	drylands = {
		color = { 232 172 102 }
		type = plains
		sound_type = plains
		
		max_attrition = 3
		supply_limit = 6
		movement_cost = 1
		
		local_autonomy = 0.02
		local_monthly_devastation = 0.15	
		local_years_of_nationalism = 5
		
		local_development_cost = 0.05
		local_state_maintenance_modifier = 0.05
		
		allowed_num_of_buildings = 1
		local_build_cost = 0.1
		local_build_time = 0.1
		regiment_recruit_speed = 0.1
		ship_recruit_speed = 0.1
	
		local_institution_spread = -0.05
		local_core_creation = 0.1
		local_defensiveness = -0.05
		
		nation_designer_cost_multiplier = 0.95

		terrain_override = {
			#Unaltered Vanilla
			411 454 442 441 1973 444 446 453 345 2473 382 1925 1749 224 221 1750 220 2754 
			225 504 505 518 519 533 541 569 2031 2051 2052 2053 2054 2065 2067 2072 751 752 753 2476 2865 
			2885 2915 2917 2922 750 2764 2768 2798 754 755 2861 2912 2913 2921
			2356 421 2122 2184 9981
		 
			#Beyond Typus
			4340 1205 2776 2777 2213 445 2221 457 4293
			2470 440 344 359 2317 2311 409 2489 2020 859 5063 882 2497 1110 348 2496 326 5212 
			4318 5267 4320 2319 360 4319 5578 5285 2453 2454 356 399 5334 4060 4057 4058 4056 4048 4038 4039 
			5762 5757 5844 5758 5348 1176 5349 1178 5347 5362 5384 5345 5145 
			
			#Amyzonis
			2621 400 1193 1194 4031 4022 418 4326 2307 4343 4344 2751 5330 2297 4299 415 408 412 4288
			11044 11043 11053 11027 11052 10952 11050 10952 9892 9893 10691
			9811 9812 9813 2312 9815 410 9817 9814 2310 10222 4290 9820
			213 10069 2988 2987 10057 214 10056 10055 10059 10060 10033 2989 10162 10030 10027
			416 424 7007 10165 614 9960 10245
			2753 10643 200 3085 10673 202 7893 4696 201
			4411 4421 4435 4454 4455 4456 4463 4503 4504 4505 4509 #India
			223 10006 10007 10012 10018 10037 10065 366 #Iberia
			4395 8500 8499 4394 6577 584 2399 581 6578 4393 #burma
			5139 1224 1227 4271 5332#General changes
			145 163 4705 7129 7128 4702 148 7122 147 3174 7118 10257 2296 5091 4735 10004 #Balkans
			4736 4737 2982 7005 7006 122 1933 7161 #Italy
			1096 10121 #Cabo Verde
			1949 4422 2033 4428 532 1948 4501 4464 4207 #12/1
			333 #12/4
			4550 4548 4547 4546 5224 5225 4566 5219 343 342 4563 2467 5226 2469 #12/19
			855 4574 5859 5857 9806 3007
			2298 5135 5138 377 1849 2986 7101 2215 428 429 2218 825 146 3177 5172 2287 4309 318 2301 329 1800 4034 341 125 #1/9
			852 856 857 850 4570 2622 4573#2/1
			2914 779 2866 2860 786 4308#2/8
			10281 9516 10294 10278 10272 10270 10269 10285 10295 327 323 10958
			1854 4564 8058 8070 8057 8071 10010 8059 219 10041 217 8055 8052 8074 8082 4549 357 10225 10234 4298 2308 10241 10244 10223 11028
			2206 2207 4338 2212 6791 693 6768 694 6800 6812 6745 1836 6813 700 6775 697 6789 6790
			6815 4198 2180 6796 699 10924 324 10248 
			#BTARG
			7504 4628 4629 7521
			#Australia
			11217 11216 11213 11206#WA
			11166 11165 11164#SA
			11189 11234 11303 11339 11307 1088 11343 11344 11123 11345 #VIC/NSW
			10991 10989
			10292 10224
			#LeRoi Levant
			10235 2347 9741
			9587 2236 9584 9595 9588
			9415 9427 9428 9422 9423 9459 9458 9429 9425 9430 9463 9431 450 9451 9478 9568 9558 4330 2227 9464 9465 9433 1968 9534 9456
			9562 9606 9756 9605 414 9614 4337 4289 9610 9608 9609 2350 9437 9450 9445 9410 9409 9408 9623 9621 9407 9620 9622 2370 9624 9405
			451 9640 9648 2226 9454 447 9630
		}
	}
	
	steppe = {
		color = { 147 200 83  }
		type = plains
		sound_type = plains

		max_attrition = 5
		supply_limit = 4
		movement_cost = 1.5
		
		local_autonomy = 0.12
		local_monthly_devastation = 0.35	
		local_years_of_nationalism = 20
		
		local_development_cost = 0.2
		local_state_maintenance_modifier = 0.1
		
		allowed_num_of_buildings = 1
		local_build_cost = 0.75
		local_build_time = 0.75
		ship_recruit_speed = 1
	
		local_institution_spread = -0.1
		local_colonial_growth = -10
		local_defensiveness = 0.05
		
		nation_designer_cost_multiplier = 0.95

		terrain_override = {
			#Unaltered Vanilla
			2417 466 2367 470 472 2353 2369 2358 476 2354 479 2357 1966 2420 284 1974 2412 2413 286 2414 287 2447 283 2406 282 
			304 303 2415 302 2409 2411 467 1081 473 2421 1971 288 468 2418 2419 474 2366 1965 475 2441 2359 2360 
			478 2355 2416 2434 1076 1075 1071 889 2009 2625 2672 892 2510 2502 
			459 461 714 2118 2368 717 721 722 723 724 725 728 1058 2109 2115 2116 2185 2187 2188 469 2208 2365 
			3243 3244 3245 3247 3263 3264 3265 3266 3302 465 471 2351 2352 456 477 2361 4200 4202 4203 4218 4219 4220 
			4692 4690 4689 4688 4687 4686 4685 4684 4675 4673 4674 4665 4666 4667 4664 4678 4679 4668 4671
			
			#Beyond Typus
			2423 890 891 2508 1969 898 901 903 2007 909 2004 2507 5616 5617 5627 5620 2501 5614 5671
			4265 4266 4267 5672 5635 5632 448
			#BTARG altered vanilla
			885 883 2666
			#BTARG
			7502 7503 4223 698 9518 5155 9521
			
			#Amyzonis
			2199 7278 7194 7195 7258 7205 7191 7192 7193 7200 7201 7202 7203 7204
			2190 2189 719 4222 10951 10950 701 6806 6837 708 6810 6829 702
			715 4208 2120 2119 #12/1
			291 7257 7196 7251 7198 7199 7197 7279 7277 7206 7259 3242 290 7256 7255 4542 2407 1944 #1/21
			10276 4307 4314 10297 9400 9533 2349 9449 437
			#Auz
			11304 11236 11306 11327 11383 11324 1091 1089
			11280 11325 11156 11393 11152 11128 11100 
			463 11002 11000 10984 10983 10975 11021 10999 11009 11010 10982 11014 10976 10992 10981 10977 10978 10979 10980 
			10968 11022 10970 11023 10969 11024 10967 10966 11004 10947 10949 10005 11005
			#LeRoi Misc
			10210 10211
			9448 9436 9447 9439 4325 9443 9442 4324 9480 9420 9419 9471 9607 4171 9416 9481 9424 739 2124 4210 3025 3024
			9629 9628 9404 9536 9627 9404 438 9537 9619 2362 9535 9618 9617 9402 9540 439 9403 9444 9418 9417
			443 9544 9542 9543 9663 9446 9633 2229 2230 9634 9638 9591 9599 9626 9625 1970 9495 9485 9494 2363 455 3097 3090 3091 3096 3098 3093 3095 3102 3101 3074 3076 3092 3053 3082 3069 3072 3079
			3155 3158 3162 3161 3163 3167 3166 3171 3172 3173 3183 3175 3176 3178 3181 3186 3184 3116 3140 3153 3141 3149 3129 3127 3133 3125 3136 3126 3131 3132 3059 3144
		}	
	}
	
	
	woods = { #woodlands
		color = { 41 155 22 }
		type = forest
		sound_type = forest

		defence = 1
		max_attrition = 4
		supply_limit = 5
		movement_cost = 1.15
		
		local_autonomy = 0.01	
		local_monthly_devastation = -0.2	
		local_development_cost = 0.15
		
		allowed_num_of_buildings = 1
		local_build_cost = 0.1
		local_build_time = 0.1
		regiment_recruit_speed = 0.05
		ship_recruit_speed = -0.15
	
		local_institution_spread = -0.1
		local_core_creation = 0.5
		local_colonial_growth = 5	
		local_defensiveness = 0.2
		
		nation_designer_cost_multiplier = 0.9

		terrain_override = {
			#Unaltered Vanilla
			968 970 4771 130 1861 141 918 919 939 940 944 946 947 948 963 987 988 2560 2639 
			895 933 937 941 943 955 958 956 965 967 989 2010 2528 2523 2524 2525 2526 2540 2541 2545 2549 2670 269 
			99 1834 37 770 311 1960 274 34 310 1752 1959 1938 173 194 195 178 187 181 
			1866 94 93 188 189 1880 72 69 1761 67 66 81 1762 86 56 1758 53 51 1759
			48 49 1763 60 57 296 297 298 247 3 2 1961 2749 1754 306 4227
			2013 971 2566 2570 985 984 2569 2568 945 2521 2522 767 731  
			2106 2964 2969 2971 2972 2973 2974 2993 2995 2997 3000 30 1835  
			
			#Beyond Typus
			3036 3168 3152 3083 3066 4766 3070 4764 4389 3077 4387 
			4112 4697 7763 3185 4755 3194 3104 3120 3223 3226 4241 3233 3235 4116 4148 3273 3279 3293 4381  
			3063 4768 10563 10555 3203 4712 4774 4717 4773 4786 4749 5097 7 959 960 
			2561 2742 942 74 3209 2555 1093 994 2585 2583 2584 2012 5038 5046 5047 5048 5051 5060 4166 
			3128 2739 1106 5642 5643 5645 5660 33 5653 4260 4261 5656 4250 294 5657 4248 4249 1778 301 5679 
			4255 300 3277 3290 4251 2408 5668 3268 5667 5666 5680 5664 5663 5662 4243 3271 5661 3301 4264 2422 4117 5654 
			4245 5669 5651 5665 5681 5682 5683 5644 5646 5356 5357 5402 5403 5406 5427 5380 5381 5398 
			#11.5
			7868 7869 7877 7870 7876 7879 7878 7871 7872 7873 7880 7881 7882 
			70 10581 7168
			292 7235 7855 7807 7810
			27 19 10544
			3230 7857 7855 7853 36 1842 3229 7851 7849 7848 7847 7845 7846 7844 7821 4747 10445 10443 7832 7831 7830 7826 7825 7828 7824
			7157 7158
			4144 7780 4163 7790 26 7792 7793 10582 71 1757 4746 3238 1940 7266 10546 4775 10536 8120
			7859 7840 3227 39 7839 7838 10547 7702 7213 4535 7216 7858 7220
			5877 2484 5872 5873 5871 5734 5869 5874 4565 10074 
			3165 7137
		
			#Amyzonis
			17 4021 5747 874 2485 5807 2481 871 209 4143 16 1985 10453 10476 7218 7219 7842 7819 7243 277 7240 8061 10042 4695 7925 4777 3081 175 196 10645 7944 7947 7945 7949 7907 5610
			5780 4940 5781 5801 5748 5749 873 5755 5810 5760 5852 5894 5891 4984 10601 #oregon/wash/bc
			10015 10017 10035 1747 4788 10043 10025 367 #Iberia
			10088 10091 #Switzerland
			10409 91 10440 157 7175 7070 7066
			7179 4725 10480 1019 7307 7318 7166
			#HRE
			161 7514 10543 10411 10421 7740 4125 10414 4240 10424 10402 10422 #Balkans
			7262 7263 5670 4246 279 4536 7223 5685 7238 5684 7211 3224 3225 7212 4537 7224 7226 7225 7210 273 10461 10690 10466 10461 10435 4527 3220 10458 4533 10469 #PLC
			7268 4538 2963  422
			10410 10429 7063
			951 1246 5598 11590 11589 5600 5609 11588 
			3154 10457 10455 10451 10452 10432 10495 3122 
			6657 1824 6712 669 6675 1829 6674
			#11/29
			1937 4714 10483 10552 10523 10519 8023 10525 7948 8022 7976 10510 10554 10556 10566 10531 10553 10570 4748 10569 			
			665 2156 6649 #12/1
			263 #12/4
			293 275 7227 7221 #PLC
			4724 10579 10580 10577 10589 7969 10505 8023 7977 4772 10593 10594 7264 4242 7222 7215 7214 771 7217 10520 #1/14
			5848 4715 4390 10473 10559 10550 10561
			2895 2896 2883 2884 768 2897 776 790 2846 2842 2878 2854 6648
			#BTARG 
			7466 7468 7469 7471 7472 7403 7406 7414 7415 7417 7418 7419 7420 
			7446 7449 7450 7451 7452                   
			7421 7422 7424 7426 7427 7436 7437 7443 7457 7458 7459 7460 7461 7462 7463 7478 7479 7480 7481 
			7489 7483 7484 7485 4787 7517 7493 7492 7495 7496 7494 7490
			7401 7467 7416 7425 7486 7433 7428 7434 7435 7487 7557 7558 
			7570 7572 7553 7575 7573 7569 7566 7548 7549 7529 7581 7588 7571 7582 7585
			4663 4654 
			#BTARG altered vanilla
			2531 2532 925 920 930 897 894 2515 2014 2669 924 2537 2538 962
			6816 6872 2174 6786 6682 6683 6681 6700 4197 6685 6687 6742
			7737 152 1864 1767 10482 2970 10478
			190 199 10639
			10356 10361 10606 10610 4765 7939 7941 7935 7990 7171 
			#CIP - Nippon
			7351 4131 1026 4360 1839
			7397 2745 7391 1837 7349
			7281 7292 1012 7294 7291
			6947 1024 1023 6961 4228 7393
			#Scotland
			10348 10340 10341
			#AUZ
			2727 11197 11195#WA
			11348 11147 11110 11346 11143 11271 11272 11294 11115 11141 11275 11160 11340 11145#
			11579 11584 1108 11578 11503 1107 5605 11581 #NZ
			7924 10633 9505 7791 9506 10628 7989 4757 7726 7727 7736 7764 7930 7950 3071 7947 9512 10656 10595 #fixes 6/15/19
			2105 4215
			462
			#PIETER
			10524 10430 10433 4176 3058
			10167 1982 10194 131 10208 1953 3208 79 71 50 10199 10196 28 10198 10683
		}
	}

	forest = { #taiga
		color = { 31 101 67 }
		type = forest
		sound_type = forest

		defence = 2
		max_attrition = 7
		supply_limit = 2
		movement_cost = 1.35
		
		local_autonomy = 0.05
		local_monthly_devastation = -0.4	
		
		local_development_cost = 0.5
		local_state_maintenance_modifier = 0.1
		
		allowed_num_of_buildings = -1
		local_build_cost = 0.5
		local_build_time = 0.5
		regiment_recruit_speed = 0.25
		ship_recruit_speed = -0.1
	
		local_institution_spread = -0.25
		local_core_creation = -0.1
		local_colonial_growth = -5	
		local_defensiveness = 0.35
		
		nation_designer_cost_multiplier = 0.8
		
		terrain_override = {
			#Unaltered Vanilla
			9 11 18 31 309 1955 996 997 1054 1046 2572 2671 2517 2593 2575
			
			#Beyond Typus
			32 4113 1776 3124 2594 1067 2430 1061 2431 1059 2436 1045 2437 1034 4124 
			1070 2438 2435 305 1972 1079 1051 
			4114 1033 312 314 1009 2588 2591 991 1007 2015 1010 910 1068 2428 2433 1064 2432 2581 992 
			2599 2600 2601 2595 2576 1001 1002 2589 2590 1962 1964 3281 4129 4122 313 1755 1957 3282 1083 1958 908  
			912 978 1813 1806 1810 2586 2587 2577 4928 4929 4931 4983 4986 4987 4989 5000 5001 
			5002 5003 5004 5005 5035 4932 5036 5037 4973 5056 5057 5049 5055 995 986 4152 
			1011 5622 5621 913 4256 4258 4259 4262 4263 5647 5648 5649 5652 
			5655 5676 5677 4266 3280 5674 5722 5724 5788 
			#11.5 
			7799 7802 7864 7865 7866 7808 7806 7805 7803 7804 7867
			
			7801 4123 29 8 5 4164
			7798 7797 7794 7863 2429 2427 
			7367
			5640 5580 5639 5587 5573 5084 5611 5089 4933 5901 5902	
			8008 8007 5910 8001 5010 5011 5012 4662 2104 4658
			
			10496 10491 10490 10489 10 7796
			11361 11136 11127 11237 11232 11300 1092#auz forest
			5009 5008 5068 #canada
			727 1053 1049 1056 2102 1060 2442 1062 1063 2443 1065 480
			1052 1047 1055 2446 1963 1077 1057 5041 5778 911 2518 5085 5086 8010 4930
			10398 10399 10487 10497 10301 10303 10304 10394 10393 10396
			10438 10488 10195 4926
		}                                      
	}

	coastline = {
		color = { 49 175 191 }
		sound_type = sea

		max_attrition = 5
		supply_limit = 4
		movement_cost = 1.15
		
		local_autonomy = -0.03
		local_monthly_devastation = -0.1	
		local_years_of_nationalism = -5
		
		local_development_cost = 0.1
		local_state_maintenance_modifier = -0.05
		
		allowed_num_of_buildings = 1
		local_build_cost = 0.2
		local_build_time = 0.2
		regiment_recruit_speed = -0.05
		ship_recruit_speed = -0.1
	
		local_institution_spread = 0.2
		local_core_creation = -0.2
		local_colonial_growth = 10
		local_defensiveness = 0.1
		
		nation_designer_cost_multiplier = 0.85
		
		terrain_override = {
			#Unaltered Vanilla
			2578 655 644 2716 497 498 499 500 501 502 788 1186 
			1192 1195 1196 1197 1198 1199 1200 1202 1203 1204 2796 1098 1100 1101 1999 1998 2741 
			1994 1992 1242 1989 1988 1240 491 3003 1015 4356 

			#Beyond Typus
			4754 136 2992 3179 25 35 2999 1099 101 5013 5019 5039 5095 5098 
			4974 5058 5059 1751 334 335 3121 5161 5092 5570 5558 338 339 
			337 5321 354 2455 5317 972 5735 5030 2021 5817 5818 5370 5371 5373 5375 1182 
			
			#Amyzonis
			4029 5382 1183 4049 7890 8086 5602 11019 10050 10681 10067 2299 7120
			222 10039 10075 10078 10079 10080 #Iberia
			7134 7127 7132 7140 10156 320 4698 142 #Balkans
			7056 7054 4738 7099 2954 7165 7055 #Italy
			10123 #cape verde
			87 10511 #12/2
			1882 4562  #12/19
			763 762 2806 756#2/8
			4119 5162 10280 5131 10255 388 9833 9825 9970 9515
			#BTARG
			#4625 7442 7445 7447 7473 7497 7509 7510 7515 7560 7561
			#BTARG Altered vanilla
			#2533 2546 2543
			10150 10137
			#CIP - China
			6660 6719 6917 6922 7563
			7378 2694 7374 2139 6754
			#CIP - Nippon
			7290 7300 7341 4186 1017 7338
			7289 7288 7286 7280
			#South East Asia
			6512 6513 6531 6567 6564 6633 11358 11352
			
			11564 11567 4354 11561 6511 2715 5031 10972 7190
			7143 4174 3182 7730 7732 7032 7025 3042 7043 3164 3231 10600 10945 3261 11715 11716
			2682 137 4753 764 
			
			285 10039 10072 5147
			
		}
	}
	
	marsh = {
		color = { 13 189 130 }
		type = marsh
		sound_type = forest

		defence = 1
		max_attrition = 4	
		supply_limit = 5
		movement_cost = 1.5
		
		local_autonomy = 0.03
		local_monthly_devastation = 0.25	
		local_years_of_nationalism = 10
		
		local_development_cost = 0.2
		local_state_maintenance_modifier = 0.1
		
		allowed_num_of_buildings = -1
		local_build_cost = 0.3
		local_build_time = 0.3
		regiment_recruit_speed = 0.15
		ship_recruit_speed = -0.15
	
		local_institution_spread = -0.15
		local_core_creation = 0.05
		local_colonial_growth = -5	
		local_defensiveness = 0.25
		
		nation_designer_cost_multiplier = 0.85

		terrain_override = {
			#Unaltered Vanilla
			1860 100 2890 893 927 928 2534 2536 2516 749 758 775 777 1217 2259 2261 2286 2287 2759
			1031 2702 6929 6636 111 10179

			#Beyond Typus
			3135 4141 926 2858 2803 2665 2529 888 4382 96 999 1005 1006 2592 4922 4923 4925 112 5290
			5289 5410 5411 5412 5641 8002
			
			#Amyzonis
			5407 278 1941 7076 7444 7441 10678 7438 4626 7413 7410 10138
			5913 5914 5915 5918 8000 4921 
			7241 7237 7236 4115 7234 4544 7231 7228 7246 4247
			7253 7230 7233 7244 7245 7232 2853 #general fixes
			10572 10598 1931
			#BTARG
			7402 7404 7405 7409 7429 7439 7411 7455 7456 7430 7513
			#BTARG Altered vanilla
			2542 2539 2547 938 884 4622
			561 2039#bengal
			6782 6784 6756 6773 6655 6686 682 6701 6702 6870 6698 2172 4196 6734 6646 6732 #CHINA
			8540 603 #South East Asia
			6550#burma
			605 2377 2376 6456 8507 590 6551 586 6483 8539 8536 6490	#indochina
			2675 620 6591 6592 2676 2677 622#sumatra
			6602 2709 639 640 11392 #borneo
			7081 113 114 7759 4706 4244 10528 7738 10322 10308 6568 6497 6651 6652 6650 6654
			4184 7305
			10160 10161 4182
			610 613 8530 10071
			2142 6777 6733 685 6731 6730  #Experimental China
			5261 362 7388 7394
			733 9748 9600 435
			
			#Oceania
			11515 11532 11479 11526 11524 11530 11475 2724 11514 1129 11529
			1073 2445
			1074 1069 
			1003 1004 1000 
			4118 10329 240 10358 10371 235 3028 10354 10353 243 
			100 7954 7975 4375 10349
			10327 4379 10326 10324 8021
			3160 8119 8118 10687 4691 2429
			11025 11015 10688 11758 11740 11373
			11474 2723 11473 7894 1756 10209 10184 10370 4371 10392
			
			#America
			10684  
		}
	}
	
	hills = {
		color = { 113 176 151 }
		type = hills
		sound_type = mountain

		defence = 2
		max_attrition = 4
		supply_limit = 5
		movement_cost = 1.15
		
		local_autonomy = 0.05	
		local_years_of_nationalism = 10
		local_monthly_devastation = -0.35
		local_development_cost = 0.35
		local_state_maintenance_modifier = 0.05
		
		allowed_num_of_buildings = 1
		local_build_cost = 0.3
		local_build_time = 0.3
		regiment_recruit_speed = 0.1
		ship_recruit_speed = 0.1
	
		local_institution_spread = -0.1
		local_core_creation = 0.1
		local_colonial_growth = -5	
		local_defensiveness = 0.4
		
		nation_designer_cost_multiplier = 0.85

		terrain_override = {
			#Unaltered Vanilla
			321 508 509 511 525 527 529 530 531 538 545 550 554 557 559 740 1765 1947 2027 2030 2032 2036 2037 2040 2043 2056 2058 2069 
			2070 2071 2080 2089 2090 2092 2097 105 106 1827 
			837 839 841 844 847 849 851 854 899 966 981 2023 2557 2558 2562 2565 2567 2571 2579 2627 2638 2640 2642 
			2648 2653 2657 2660 931 935 961 964 969 2580 2011 2509 2527 2548 2553 2556 2563 1016 
			2373 1022 615 2606 193 102 198 242 1828 1934 
			670 681 1833 1840 2146 2147 2152 2153 2158 2173 658 2701 2977 
			2984 2742 1025 1029 1820 4188 4192
			2559 4214 703 6933 4672 1769
			
			#Beyond Typus
			3014 245 4366 3034 4362 4361 4380 4739 3087 3142 144 232 285 2410 2424 7167 4378 374
			4762 2564 2649 2862 784 2873 2573 980 1085 2738 4305 2757 1218 2756 2758 
			2807 2763 2614 858 1872 2604 869 2477 868 4943 4942 4956 
			4958 4988 4982 5053 5054 5050 5052 2582 990 993 982 3105 228 4959 5065 
			20 24 4145 2313 5170 378 1855 381 3008 4750 322 325 328 330 1846 9803 9802 3248 5206 
			4311 5164 4312 197 212 2991 488 2658 2659 489 5563 4619
			486 2654 1216 336 2462 2461 5318 5323 340 5320 2459 5314 5315 1109 5607 5608
			5604 2505 4065 4063 4040 2022 2603 5744 5743 5750 5809 
			5803 5763 5764 5045 5775 5800 4954 5792 5767 5811 5738 5794 5761 5804 5733 4945 5814 5813 5783 1179 5340  
			5350 5351 5352 5353 5355 5358 5359 1180 5379 5376 
			#11.5
			138 139 7721 7723 7725 7733 1826 7729 7717 7711 7156
			7131 7115 4699 3170 7745 7743 10465 10470 7809 7784 22 10549
			5780 5876 5883 5878 5887 7174 10029
			5867 5731 5732 5728 5864 10407 10408 10410
			#12
			4789 8036 8063 8062 4558 8092 8095 8092 8091 8102 8121 10036 7097 10003 10233 10237 
			
			#Amyzonis 
			2195 4023 4037 4066 1745 3298 3299 5759 5847 5799 5802 5853 5851 5849 7704 7744 7715 7750 7752 2998 7898 10640 11583
			10954 11039 10963 7162 10539 4767 10597 75 10605 7946 10650 7188 7189 10695
			8501 8531 6539 6540 8514 8513 6518 2302 7082 10261 10256
			4449 4483 4484 4485 4491 4492 4493 4511 #North India
			521 548 4430 4434 4453 4459 4462 4465 4466 4467 4480 4500 #Central India
			518 533 4420 4425 4426 4427 4429 #South India
			10009 10011 10016 10022 10023 10024 10028 10032 10044 10053 10046 10070 210#Iberia
			4551 10148 7901 7940 8034 8093 4554 8040 8041 7891 7121 7183
			166 10082 10090 4722 1870 10089 10081 #Switzerland
			7273 4541 261 3146 7270 5322 4267 1013 6547 6522 8512 1817 #General fixes
			162 1318 4236 #Carpathians
			6994 6997 2372 #Vietnam
			1766 7148 143 7705 7714 3001 4780 7364 7138 7139 7123 7701 7700 7130 #Balkans
			1247 7067 7026 7094 7089 7072 7079 7065 7091 7098 7074 7002 124 7164 7160 7001 7053 7016 4730 7028 7031 10146 123 7003 10425 7004 #Italy
			7064 9509 10648 7905 9551 9510 7042 7050 7044 7059 9552 9553
			1875 1742 10117 #11/29
			2085 4412 2093 528 585 #12/1
			6818 6907#12/4
			4561 2458 5319 4556 #12/19
			4580 4576 4586 4587 127 128 10565 8025 7274 7113 2205 423 830 2808
			4578 2617 4640 2643 4575 2623 2624 4624 10158 2655 4637 5854 5850 1878 8027 3204 4713 4778 10475 4726 76 492 4598 #2/1
			7590 7591 7592 7584 7586 7567 7565 7568 7546 7547 7551 7552 7556 7554 954 7574 7576 7542 
			82 10538 3201 6703 6738 6739 6960
			2855 2663 2894 2887 1095 10464 #2/8
			10413 10271 10253 10254 10262 10263 10252 10259 10258 10268 2304 10229 10228 6658 6657 6904 
			6940 7325 1852 2204 11038 11018 10946 420
			#BTARG
			7470 7400 7407 7423 7431 7432 7453 7454 7474 7475 7476 7477 7488 7482 7559 419
			#AMYZ BTARG
			7408 7530 7541 7532 2551 7543
			#BTARG Altered vanilla
			934	150
			10674 10355
			10151 10139 10145
			4756 10426 10423 3151 7734 3191 7762 129 4751 3051 1863 7899 10938 10937
			10164 10163 10095 10680 10099 10098
			371 370
			#CIP - China
			680 6741 672
			6661 6663 6669 6676 6678 6680 6684 6688 6689 
			6690 6691 6692 6693 6695 6902 6840
			6713 6715 6718 6778 6781 6788 6887
			6838 6842 6839 6910 6918 
			6931 6932 2113 6930 7390 6753
			6726 6783 6759 6766 6725 2154 6704 6711 6705 6755 6647 6914 6752 6924 6751
			#CIP - Nippon
			7373 4211 6859 6710 6817 689 7330 737
			6860 6861 1014 4193 7313 4185 7304
			7316 4180 7301 7315 7303 1018 7383 7382
			7335 7336 7299 7283 7295 7344 7347 7365
			7350 7358 6965 7385 7395 7392 7339 4359
			7355 6949 7356 6950 7352 6956 6955 7357
			6963 7377 732 7379 2743 6969 2112 2744 7375
			#Transylvania
			10448 10454 4128 10427 10415 154 10437 2960 10533 4742 
			#South East Asia
			6609 6610 11573 11706 #phil
			6618 627 6617 11350 2691#java
			6605 2714 #sulawesi
			6627 6625 635 6626 6624 6565 2695 6563#timor
			634 633 632 6530 6622 2693 631 6632 6634#lesser sunda
			11557 6921 11691 11359 11692
			11501 5606 2737 11577 11582 11587 #NZ
			#Scotland
			10343
			#Ireland
			10331 10330 10328 10325 10317 10319 10320
			4785 4368 10379 10366 10378 10381  372 10323	
			#AUZ
			11212 11203 11199 11208 11211 11204 11196 11205#WA
			2728 11245 11241 11247 11243 #NT
			2730 11159 11176 11154 11155 #SA
			11313 11314 11336 2732 11283 11286 11297 11295 11364 2731#Great Dividing Range
			11137 11130 11135 11140 11131 #TSM
			11301 11322 11329 11259 11187 11119 11121 11120 11103 11109 11113 11124 11107 11347 11108 11333 11281 11282
			2734 
			#fiji
			1242 11459 11419 11461 11421 11493
			612 6480
			7146 1050 10986 10974 10998 11001 1856
			#Pieter
			10428 10417 10481 10505 
			10389 10388 11674
			10988 10971 11016 11007 
			4301 2196 11006 9997
			#Near East
			3254 10929 10236 5205 11751 11752 5154 9514 3147 3145 3150 3130 3143 3100 2364 3094 2125 2126 3048 3046 3044 3050 3047 3061 3057 3056 3055
			10190 10407 7185 7184 2083 1103 7038 10002 10166
		}
	}
	
	highlands = {
		color = { 176 129 21 }
		type = hills
		sound_type = mountain

		defence = 2
		max_attrition = 6
		supply_limit = 3
		movement_cost = 1.25
		
		local_autonomy = 0.07
		local_monthly_devastation = -0.4	
		local_years_of_nationalism = 10
		
		local_development_cost = 0.4
		local_state_maintenance_modifier = 0.1
		
		local_build_cost = 0.5
		local_build_time = 0.5
		regiment_recruit_speed = 0.15
		ship_recruit_speed = 0.15
	
		local_institution_spread = -0.2
		local_core_creation = 0.25
		local_colonial_growth = -15	
		local_defensiveness = 0.45
		
		nation_designer_cost_multiplier = 0.75

		terrain_override = {
			#Unaltered Vanilla
			520 542 544 578 2035 2077 2079 2087 853 2626 2629 2644 2646 2645 
			1171 1184 1185 1188 1211 1219 2274 2463 2465 2762 2766 2770 2771 2772 
			2950 2951 252 662 673 674 675 653
			2168 2235 4199 
			
			#Beyond Typus
			4110 3137 3138 2761 2791 1213 1223 1214 2769 2495 2068 2767 1210 
			2490 4304 875 878 1808 4962 4963 862 2493 5229 380 
			4979 1848 4618 5565 383 5231 5232 384 2330 385 4277 5235 4282 386 391 2345 4287
			4280 1229 4321 5295 4295 4292 2305 5297 5324 5328 5313 5327 5309 5310 1809 5333 2006
			4067 4053 1167 1172 4084 4082 4046 4050 4100 4103 2488 5745 4946 5771 4953 5819 2506 5833 5822  
			5823 5841 5843 5834 4631 5830 4630 5344 5361 5354 789 5372 5374 1181 5428 833
			5882 5888 5879 5885 2607

			
			#Amyzonis
			1792 4027 4030 4101 4059 4335 1748 4296 5331 4294 4342 5152 4313 331 5631 876 8088 8065 2755 8047 4557
			864 2618 860 2619 1773 4701 8079 8064 8054 10062 11598 11673 11643 10159 10048 9520 5137
			11037 11035 11030 11031 10961 11040 10962 11041 10960 11048 11036 9501 10957 9800 9977 9991 9980
			10540 4716 10588 10557 10522 6801 2371 6556 9872 390 4281 9932 9933 9942 2341 403 9716 9891
			4406 4398 8496 8486 583 6453 8493 8492 8494 2400 587 6576 # Burma
			6555 6529 6554 6496 2375 8542 6582 6486 9925 9929 9851 10934 319 10291
			4436 #Central India
			588 2401 2787 7111 5134 7095 10277 10275 10274 9523 9524
			226 10000 10008 10013 10061 10076 10064 #Iberia
			4414 4423 4424 521 515 713 4206 2124 2134 #12/1
			6833 6836 2182 6835 661 #12/4
			4568 5213 #12/19
			5167 7104 4581 4572 4571 4582 4583 4644 4650 4641 4300 3180 5163 10940 9517
			4623 4643 2615 4642 2628 #2/1
			2916 2869 781 2876 2875 780 2870 2847 2867 2863 2925 2918 2868 #2/8
			10955 10283 10282 10266 10273 10296 10242 10240 10219 2300 10287 10239 379 10077
			6637 6640 6946 2099 389 401 4283 9910 9743 10286 10288 9801 5165 9639 9643
			
			2968 10486 7169 267 2965 2967 10485 4744 7181 9984 9850 392 9710
			#CIP - China
			6823 6824 6827 6828 6830
			6850 6851 6854 6857 6893 6894
			663 6891 6864 6865 6866 6867 6868 6869
			6871 6873 6875 6878 
			6880 6881 6882 6883 6885 6888 2167
			6892 6895 6896 6897 6898 9487 9486
			6744 6805 2178 6804 2136 6933
			#South East Asia
			2687 6523 2690 2689 11353 11360#java
			2685 2681 6590 6589 11719 11756 6587 11690 619 6506 6596 #sumatra
			11563 11566 11573 11574 #philippines
			#SCOTLAND
			10339 10315 10338 10342 4363 253 4364 10345 10313 10312 10309
			#Oceania
			11522 11469 11521 11480 11481 11531 1986  
			#Australia
			11220 11224 11227 11215 11214 11193 11192 11191 11226 #WA
			6561 11249 11229 11246 2729#NT
			11298 2736 11174 11158 11230
			11262 11269 11266 699 #QLD
			#NEW Guinea
			11642 11666 11657 11651 11654 11660 11652 11645
			#Near East
			10941 10942 11033 2306 11060 11042 10935 4268 10238 10932 11047
			11387 6598 6603 638 11727 11722 9827 2219 4332
			10177 8149 8154 4397 5211 7106 5146 9707 9709 9705 9703 9943 9677 9695 9685 9684 9683
			332 2303 4310 11760
			9954 9989 9876 9958 9957 9987 9988 9986 9950 9946 9985 9949 9931 9934 9939 9753 9752 9434 9435 9477		
			9441 9440 9601 9438 9598 9596 9570 9426 9421 9691 9686 9616 9611 9612 9565 2228 9637 452
			9583 9560 4331 430 9528 9720 4329 9566 9567 9559 433 2222 9572 9982 9563 2309 9529 9530 9527 9635 436 2224
			9690 9561 9822 9979 9975 9689 9688 9525 9538 9401 9539 9541 9474 9475 9432 9476 9472 3026 3030
			9452 9453 9455 9667 449 9646 9654 9655 9656 9632 9662 9652
			9642 9651 577 2078 432 4336 9594 9593 9590 9592 9589
			9462 3084 9484 9485
		}
	}
	
	mountain = {
		color = { 105 24 4 }
		type = mountains
		sound_type = mountain

		defence = 3
		max_attrition = 7	
		supply_limit = 2
		movement_cost = 1.5
		
		local_autonomy = 0.1
		local_monthly_devastation = -0.5	
		local_years_of_nationalism = 20
		
		local_development_cost = 0.45
		local_state_maintenance_modifier = 0.2
		
		local_build_cost = 0.75
		local_build_time = 0.75
		regiment_recruit_speed = 0.25
		ship_recruit_speed = 0.25
	
		local_institution_spread = -0.35
		local_core_creation = 1
		local_colonial_growth = -20
		local_defensiveness = 0.5
		
		nation_designer_cost_multiplier = 0.75

		terrain_override = {
			#Unaltered Vanilla
			23 1831 158 1952 974 975 976 977 2480 2486 2609 2610 2612 2613 808 814 2825 2073 1273
			1078 1787 1788 120 783 794 802 824 2813 2817 2824 2826 2871 2874 2395 2877 
			2381 785 204 1853 2177 
			716 718 1066 2117 2127 565 676 677 2129 2130 2103 1048 729 2186 1850 2107 
			2108 2111 4201 4205 4216 4217 734 4232 4348 
			4655 4656 4661 4653

			#Beyond Typus
			4127 3156 1951 4694 4391 4175 3193 2201 2202 2203 3262 3237 132 2211
			2444 2482 813 817 832 2818 782 2872 3253 2946 2835 2838 827 211 413 2210 2003 2479 
			4941 4949 4927 4972 4965 5064 5066 2608 2464 2468 1780 4297 
			5158 5151 4315 176 5078 5567 5239 3118 2198 9930
			5597 5601 1080 4054 4044 4045 4936 2611 5727 5729 5730 5776 2018 5784 5741 5779 5740
			4947 5736 5737 5790 5808 5806 5746 5742 4960 5612 5777 5793 5768 5796 5774 4944 5613 5798 5825 
			5846 5837 5836 5826 5827 5835 5842 880 879 4632 881 4948 5816 5824 2494 5630 5366 5341
			#11.5 Update
			7703 7149 7150 7103
			5094 7710 7712 7709 3002 140 7749 7746 4532 10459
			7787 7783 2752 315 6809
			8006 8005 8009 5083 5909 5911 5726 5898 5897 5896 5893 5892 5890 5889 5886 5884 2605 5754 4957 5880 5870 5866 5908 5906 5905
			
			#Amyzonis
			7102 425 2217 434 3250 7306 2209 7380 4634 10456 7755 1768 7906 8114 11597 11599 4680 	
			11045 11035 10959 9500 9502 7177 7187 7186 9885 5249 9886 9760 9816 9746 10677 
			4404 8502 8497 8487 8515 8509 8480 8481 8482 # Burma
			4514 4515 4516 4517 4518 4519 4520 4521#tibet
			2074 2128 11619 7182 
			10001 10058 10068 10073 2990#Iberia
			10084 10085 10086 1873 #Switzerland
			6993 6557 6548 6473 8523 6546 6517 6545 6498 6454 8490 8495 6544 8491 8489 8488 #Vietnam
			7147 7144 10530 7114 10149 7141 7133 4703 7151 #Balkans
			7751 3157 7276 10449 10450 #Carpathians
			7088 7084 110 7083 #Italy
			6900 6901 2748 2166 678 2135 2132 705 2131 2133 2170 2183  #12/1
			4646 10578 10584 4759 
			4601 4602 4604 823 4607 4758 73
			765 2899 2898 #2/8
			10406 10298 10299 10249 10284
			8056 8053 10014 8039 8083 8066 11594 5603 11586	5218 5210 
			7465 7464 936 2544 7540 2552
			10944 11026 10939 11058 10953 365 9745 9658
			#CIP - China
			2184 6856 6876 6853 6743 6677 6879 6915 6911 6662 6679 6696
			6697 6708 6785 6787 6792 6794 6795 6803 6664 6916
			6814 6819 6825 6826 6831 6912
			6862 6920 6844 6889 6694 6874
			7381
			2165 660 6899
			#CIP - Nippon
			4188 7372 7371 7324 7323 4183 7282 7296 7343
			7285 7329 7331 7362 7363 7302 6941 7328
			7354 7284 7297 7298 1819 7311 1832 4187 7366 6952 1032
			7360 7312 7361 7359 1847 7308 7309 7319 7342 7346 7353
			4229 6964 736 6968 6966 6967
			#South East Asia
			6611 1844 11555 11554 11553 10066
			#oceania
			11417 11536
			#AUZ
			11369 11368 11265 11264 11274 11276 11292 11285 11365 11296 11290 11321
			11332 11330 11370 11311 11320 11319 11372 11335 
			11146 11142 11238 11144 11258 11233 11334
			#Great Dividing Range
			11356 11133 
			11338 11575
			7921 10638 7923 7919
			2019
			979 4920 5723
			5040 4981 5079 4938 4937 4935 4934 
			10289 9742 9747 4306
			1043 1042 1039 1040 1044 1041 1035 11460
			11029 10936 10993 11013 9828 2223 10931
			10300 11020 10996 10987 10994 11012 10985 10995 10997 11008 11003 10948 11057 10956 10933
			#LeRoi Misc
			9715 9702
			10205 10207 6462 10187 10181 9664 9657 9581 9582 9578 9604 9579 9602
			10185 10169 10186 9978 9992 9586 9968 9999 9830 9998 9969 9723 9928 9719 9718 9571
		}
	}

	savannah = {
		color = { 248 199 23  }
		sound_type = plains
		
		max_attrition = 6
		supply_limit = 3
		movement_cost = 1
		
		local_autonomy = 0.03	
		local_years_of_nationalism = 5
		local_monthly_devastation = 0.35
		local_development_cost = 0.3
		local_state_maintenance_modifier = 0.05	
		
		allowed_num_of_buildings = 1
		local_build_cost = 0.25
		local_build_time = 0.25
		regiment_recruit_speed = 0.1
		ship_recruit_speed = 0.1
	
		local_colonial_growth = -5	
		local_defensiveness = 0.15
		
		nation_designer_cost_multiplier = 0.95
		
		terrain_override = {
			#Unaltered Vanilla
			2805 2809 2810 2812 2814 2815 2908 2909 2910 2923 2926 2939 1116 2893 
			1123 1131 1134 1135 1142 1148 1149 1155 1159 2237 2245 2263 2265 2270 2278 2279 2280 2283 2888 2891 2892 2906 
			2907 2911 2919 2920 1136 1137 1150 1160 2240 2285 2267 1190 1191 2774 2775 2794 2266 2886 2924 1187 1189
			
			#Beyond Typus
			2243 2246 2260 2262 2264 2268 2269 1132 1133 2273 2276 1115 2244 1156 2282 2284 1157 1158 2288 2932 774 1221 2800 2802 
			2952 2881 834 1113 1112 2903 485 2656 2801 1222 4033 1225
			2799 5287 1226 4075 4061 4041 4042 4076 4069 4070 4071 4072 4035 4092 4093 4094 4095 4106 4107 4108 4104 4102 
			5393 5394 5405 5363 5364 5367 5368 5369 5385 5413 5414 5415 5416 5417 5418 5419 5420 5421 5422 5423 2880 2864 
			5390 5400 5404 5401 5399 
			
			4649 4614 4615 4608 5572 10049
			2384 6628 6629 6472 6630 2383 6487 6482 8525 2385 8526 8527 2386 2382 #laos
			#IR
			759#2/8
			2722 11647#New Guinea
			6565 #Timor
			503 3004 3012 3011 2197 3010
			#Australia
			11222 11223 11207 11225 11228 11194#WA
			6560 11253 11240 11252 11250 11248#NT
			11167 11168 11169 11170 #SA
			11260 11293 11278 11277 11366 11263 11261 11267 11268 11279 11284 #QLD
			2386
		}
	}

	jungle = {
		color = { 98 163 18 }
		type = jungle
		sound_type = jungle
		
		defence = 2
		max_attrition = 5	
		supply_limit = 4
		movement_cost = 1.5
		
		local_autonomy = 0.05	
		local_years_of_nationalism = 20
		local_monthly_devastation = -0.45
		local_development_cost = 0.25
		local_state_maintenance_modifier = 0.1
		
		allowed_num_of_buildings = -1
		local_build_cost = -0.1
		local_build_time = 0.3
		regiment_recruit_speed = 0.25
		ship_recruit_speed = -0.25
	
		local_institution_spread = -0.4
		local_core_creation = 0.1
		local_colonial_growth = -25	
		local_defensiveness = 0.3
		
		nation_designer_cost_multiplier = 0.8

		terrain_override = {
			#Unaltered Vanilla
			1237 1245 2703 746 838 534 535 537 546 547 551 553 560 566 567 568 570 571 573 1946 1950 2028 2029 2034 2038 2042
			2048 2049 2050 2091 2098 2096 2100 743 745 748 826 835 840 846 2637 2664 2819 2927 582 2397 
			2398 579 2402 1815 2403 592 591 2404 843 1151 616 757 
			2929 1125 1138 1139 1162 1249 1118 664 666 2160 2161 2164 

			#Beyond Typus
			1117 1121 2705 2710 2830 2250 2253 1143 2720 2651 2652 766 2905 2394 2718
			607 2374 606 2378 769 760 761 828 836 845 2633 2634 2650 2256 1163 1164 1165 2900 2901 2902 800 803 2832 2833 
			2904 2834 815 818 822 2816 2928 2889 2930 2934 2935 2938 747 744 2937 742 2804 2290 2289 1147 1141 1140 2241 2944 1119 1126 2242 
			2252 2254 2255 2257 2258 2249 2248 1120 1122 1124 2238 2295 1144 1146 1145 1152 1153 1154 1161 2281 2293 2719 2721 636 637 
			2704 2706 2707 2708 1114 2712 2239 598 599 617 621 594 4620 490 4062 4064 4043 4077 4047 
			1170 798 2949 2948 4083 4091 4079 1166 4078 1169 1901 4081 4085 4806 4087 4088 4089 4090 4096 4097 4099 4105 4109 4068 4098 
			
			#Amyzonis
			4024 4025 4026 4036 4074 11433 10143 11705 4353 6613 4352 2699 6616
			4407 4408 4409 #Ceylon
			4410 4413 4438 4439 4444 #South India
			4431 4432 4433 4448 4450 4451 4468 4470 4471 4478 #Central India
			4405 4440 4441 4445 4446
			4458 6536 8498 8485 6452 2396
			6984 6985 6986 6989 6995 2163 6558  8529 #Vietnam
			4589 4603 4599 4596 4610 829 4597 4595 4609 4612 487 1168 4080
			#Arg for Amyzonis
			10100 10101 10102 10103 10104 10105 10106 10107 10108 10109 10110 10111 10112 10113 10114 #W Africa, all of it until split up 
			572 4447 4452 2082 4469 6903 2159 2632 #12/1
			2882 799#2/8
			11606 11607 11608 11609 11611 11616 11617 
			#CIP - China
			6666 6667 6668 6671 6672 6673 6890 6877 6906 6670 6908 6665
			6905 6909 6913 2162
			#South East Asia
			6528 8505 6489 8538 6525 8541  #indochina
			2390 2391 6477 6572 6478 593 8519 8521 #thailand
			597 2393 6573 11381 11384#malaysia
			6464 6526 6597 6601 6457 6580 6600 2711  6599 11389 6460 11400 11398 11395 11391 11390 11721 11724 6463 #borneo
			642 643 6607 6604 2713 6516 11551 6606 11380 11379 11375 11376 11362 11694 11695 11696 #sulawesi
			6595 6594 623 6471 6503 2678 2679 6501 618 6505 2674 2673 11689 11717 11718 11720 11750 11755 11759 11757 11761  #sumatra
			625 624 626 11355#java
			648 649 650 11547 6535 6534 11688 #halmahera
			11510 11511 11513 #ampat raja
			647 6623 #ceram
			2717 645 2725 2696#banda arc
			11560 11562 4355 4350 4351 2700 6612 654 4349 11576 657 2698 11697 11698 11713 11714 #philippines
			6493 6559 6485 6451 6492  #vietnam
			11743 11744 11741 2387 11736 11730 11729
			#Oceania
			11519 11518 11453 11484 11478 11477 11517 11476 11516 11533 11534 11401 1236 11470 11527
			6614 6615 652 11700 
			#solomon
			11402 11403 11404 1238 11488 11405
			#vanautu
			11414 11415 6913
			11428 1243#samoa
			11658 11641 11637 11638 11636 11635 11677 11676 6653 11681 11682 11683 11684 1097 1306
			6532 2684 11748 2683 11749 6945 6948 6943
		}
	}	
	
	desert = {
		color = { 242 242 111 }
		type = desert
		sound_type = desert
		
		max_attrition = 8	
		supply_limit = 1
		movement_cost = 1.15
		
		local_autonomy = 0.07
		local_monthly_devastation = 0.75	
		local_years_of_nationalism = 15
		
		local_development_cost = 0.75
		local_state_maintenance_modifier = 0.15
		
		local_build_cost = 0.5
		local_build_time = 0.5
		regiment_recruit_speed = 0.1
		#ship_recruit_speed = 1
	
		local_institution_spread = -0.2
		local_core_creation = 0.25
		local_colonial_growth = -15	
		local_defensiveness = 0.1
		
		nation_designer_cost_multiplier = 0.75
		
		terrain_override = {
			#Unaltered Vanilla
			2088 512 513 514 2064 2066 2086 867 2844 350 2271 2272 2773 710 711 712 2121 2123 
			2191 2192 706 707 709 720 2193 2747 4204 4221 
			
			#Beyond Typus
			2466 2780 2784 2785 1207 1208 2778 2792 2779 2781 2478 2498 407 2314
			405 351 349 346 4051 4055 4073 5815 5845 4967 5395 5396 5397 
			1228 1231 1234 2322 2797 5277 5278 5279 5281 5284 5302 #Upper Nile
			
			#Amyz
			4209 5293 2504 #12/1
			5017 5782 9959 10923 9809
			863 5832 2492 4633 877 2344
			10243 10221 5296 10218 10220 2220
			11032 9961 9818	9967 4291 9406 9411
			#BTARG
			7505			
			#1.26
			4502 4506 4507 4508
			
			#CIP - China
			6935 6936 6937 6938 
			4683 4669 2114  
			9569 4345 2234
			9693 9692
		}	
	}
	
	coastal_desert = {
		color = { 255 211 110 }
		type = desert
		sound_type = desert

		max_attrition = 6	
		supply_limit = 3
		movement_cost = 1.2
		
		local_autonomy = 0.04
		local_monthly_devastation = 0.55	
		local_years_of_nationalism = 5
		
		local_development_cost = 0.6
		local_state_maintenance_modifier = 0.05
		
		local_build_cost = 0.35
		local_build_time = 0.35
		regiment_recruit_speed = 0.05
		ship_recruit_speed = 0.5
	
		local_institution_spread = -0.15
		local_core_creation = 0.1
		local_colonial_growth = -10	
		local_defensiveness = 0.05
		
		nation_designer_cost_multiplier = 0.9
		
		terrain_override = {
			#Unaltered Vanilla
			1174 394 395 396 397 398 2329 2331 2333 2340 2342 792 793 796 805 806 2821 2822 2840 2841 1212 
			1215 1230 1232 2315 2320 2321 2765 2786 2788 2789 1206 1209 2024 2790 2793 

			#Beyond Typus
			2324 2346 387 347 1111 2828 812 809 2826 2782 2783 2795 1175 364 2325 2326 353 355 2451 2452 865 866 
			2620 5043 2616 5061 5228 5180 363 4964 5233 4278 4279 5241 5250 5251 4269 2327 5271 5272 5274 5282 5283 5288 
			5298 5311 5312 5387 5346 5426  
			
			#Amyzonis
			4028 4032 10122 402 10925
			5862 5861 5860 4577 5577 2231 575 431 9829 9831 4327 9832 2233
			#Australia
			11221 11219 11218 2726 11190 11171
			#LeRoi Levant
			10928 11049 9810 9744
			9956 9955 9953 9952 9951 9944 9945 9938 9936 9935 9708 9698 9712 9694
			9836 9834 9837 9839 9841 9838 9843 9844 9845 9849 9882 9721 9574 9575 9576 
			9883 9884 9899 9901 9900 9848 9825 9823 9824 9826 9904 9905 9921 9919 9918 9916 9915 9913 9964 9911 9722
		}
	}
	
	glacier = { 
		color = { 235 235 235 }
		sound_type = desert

		#defence = 1
		max_attrition = 8	
		supply_limit = 1
		movement_cost = 1.5
		
		local_monthly_devastation = 0.9
		
		local_development_cost = 1.5
		local_state_maintenance_modifier = 0.2
		
		allowed_num_of_buildings = -2
		local_build_cost = 1
		local_build_time = 1
		regiment_recruit_speed = 1
		ship_recruit_speed = 1
	
		local_institution_spread = -0.75
		local_core_creation = -0.75
		local_colonial_growth = -25	
		local_defensiveness = -0.25
		
		nation_designer_cost_multiplier = 0.75

		terrain_override = {
			3115 10173 #iceland
			4992 4993 4994 4995 4996 4997 4998 5006 5007 2574 5595 5596 #canada
			5588 5589 5590 1104 3113 3111 #greenland
			2025 5093#south ocean
		}
	}
	
	badlands = { 
		color = { 214 102 77 }
		type = desert
		sound_type = desert

		defence = 2
		max_attrition = 7	
		supply_limit = 2
		movement_cost = 1.35
		
		local_autonomy = 0.08
		local_monthly_devastation = 0.65	
		local_years_of_nationalism = 5
		
		local_development_cost = 0.55
		local_state_maintenance_modifier = 0.15
		
		local_build_cost = 0.75
		local_build_time = 0.75
		regiment_recruit_speed = 0.25
		ship_recruit_speed = 0.25
	
		local_institution_spread = -0.3
		local_core_creation = -0.5
		local_colonial_growth = -15
		local_defensiveness = 0.45
		
		nation_designer_cost_multiplier = 0.5
		
		terrain_override = {
			5619 5618 5629 2503 5615 2008 #upper e us, may need fixing
			2491 4966 5838 4975# grand canyon
			5756 2483 5812 5751 2487 5752 5753 4961 5881 #scablands
			5785 5034 5786 5634 5633 5044 5820
			6793 6807 6808 6798 2179 6821 2181 6820
			5181 10927 10930 4270 5203 5150 8085 9927 9922 9920 2343 9917
			9759 9851 9757 9758 9888 4286 9890 9909 4274 9835 10926 9631 9636
			9713 9706 9714 9711 9701 9940
		}
	}
	
	tundra = { 
		color = { 133 150 116 }
		sound_type = desert
		
		max_attrition = 8	
		supply_limit = 1
		movement_cost = 1.25
		
		local_monthly_devastation = 0.85
		
		local_development_cost = 1
		local_state_maintenance_modifier = 0.2
		
		allowed_num_of_buildings = -1
		local_build_cost = 1
		local_build_time = 1
		regiment_recruit_speed = 0.5
		ship_recruit_speed = 1
	
		local_institution_spread = -0.5
		local_core_creation = -0.5
		local_colonial_growth = -20	
		local_defensiveness = 0.4
		
		nation_designer_cost_multiplier = 0.5
		
		terrain_override = {
			1105 2129 3112 4151
			4969 4970 4971 4976 4990 4991 5069 5071 5075 5076 1811
			5591 1805 2425 3285 1072 5678 
			5650 1777 2439 1036 5594
			10176 10174 10175 3114 #iceland
			5592 5593 5014 5015 5070 1812 5072 5073 5074
			2440 1037 1038
			4978 4980 4985 4977 5077
			5081 5082 5080 8012 8011 5067 5912
			8004 4968 8003 4924 5919 5917 5916 4999 998
			10494 10493 10492 4257 10302 10395 5021
		}
	}


	impassable_mountains = {
		color = { 128 128 128 }
		sound_type = desert
		movement_cost = 8.0
		defence = 6
		local_development_cost = 10
	}
	
	ocean = {
		color = { 255 255 255 }
		sound_type = sea
		movement_cost = 1.0
		is_water = yes
	}

	inland_ocean = {
		color = { 0 0 200 }
		sound_type = sea
		movement_cost = 0.75
		is_water = yes
		inland_sea = yes
		
		terrain_override = {
			1526 1522 5468 1910 5458 5461 5459 5460 1911 5457 5456 5476 5475 1493 1491 1490 1553 4346 1363 1364 1365 1366 1367 1368 1369 1370 1371 1372 1373 1381 1382 1383 1652 5484 1384 1385 1345 1347 1394 1395 1397 4357 1398 1399 1357 1400 1401 1356 1408 1409 1410
			10700 10701 10702 10703 10704 10705 10706 10707 10708 10709 10710 10711 10712 10713 10714 10715 10716 10717 10718 10719 10720 10721 10722 10723 10724 10725 10726 10727 10728 10729 10730 10731 10732 10733 10734 10735 10813
		}
	}
	
	#tempestuous_ocean = {
	#	color = { 255 255 255 }
	#	sound_type = sea
	#	movement_cost = 1.25
	#	is_water = yes
		
	#	terrain_override = {
			
	#	}
	#}
	
	#doldrums = {
	#	color = { 255 255 255 }
	#	sound_type = sea
	#	movement_cost = 2.0
	#	is_water = yes
	#	
	#	terrain_override = {	
	#		1590 1591 1598 1600 1461 1462 1604 1602
	#		1465 1466 1467 1468 1597 1579 1584 1577 
	#		1571 1572 1573 1582 1569 1468 1580 1578 1566
	#		1627 1630 1636 1637 1638 1453 1616 1622 1350 1351 1671 1672 1687 1688 1689 
	#		1403 1404 1434 1673 1676 1698 1429 1412 1431 1547 1700 1707 1716
	#	}
	#}
}
	
##################################################################
### Graphical terrain
###		type	=	refers to the terrain defined above, "terrain category"'s 
### 	color 	= 	index in bitmap color table (see terrain.bmp)
###

terrain = {
	grasslands			= { type = grasslands		color = { 	0	 } }
	hills				= { type = hills			color = { 	1	 } }
	desert_mountain		= { type = mountain			color = { 	2	 } }
	desert				= { type = desert			color = { 	3	 } }

	plains				= { type = grasslands		color = { 	4	 } }
	terrain_5			= { type = grasslands		color = { 	5	 } }
	mountain			= { type = mountain			color = { 	6	 } }
	desert_mountain_low	= { type = desert			color = { 	7	 } }

	terrain_8			= { type = hills			color = { 	8	 } }
	marsh				= { type = marsh			color = { 	9	 } }
	terrain_10			= { type = farmlands		color = { 	10	 } }
	terrain_11			= { type = farmlands		color = { 	11	 } }

	forest_12			= { type = forest			color = { 	12	 } }
	forest_13			= { type = forest			color = { 	13	 } }
	forest_14			= { type = forest			color = { 	14	 } }
	ocean				= { type = ocean			color = { 	15	 } }

	snow				= { type = mountain 		color = { 	16	 } } # (SPECIAL CASE) Used to identify permanent snow
	inland_ocean_17 	= { type = inland_ocean		color = {	17	 } }

	coastal_desert_18	= { type = coastal_desert	color = { 	19	 } }
	coastline			= { type = coastline		color = { 	35	 } }
	
	savannah			= { type = savannah 		color = {	20	 } }
	drylands			= { type = drylands			color = {	22	 } }
	highlands			= { type = highlands		color = {	23	 } }
	dry_highlands		= { type = highlands		color = {	24	 } }
	
	woods				= { type = woods			color = { 	255	 } }
	jungle				= { type = jungle			color = { 	254	 } }
	
	terrain_21			= { type = farmlands		color = { 	21	 } }	
}

##################################################################
### Tree terrain
###		terrain	=	refers to the terrain tag defined above
### 	color 	= 	index in bitmap color table (see tree.bmp)
###

tree = {
	forest				= { terrain = forest 			color = { 	3 4 6 7 19 20	} }
	woods				= { terrain = woods 			color = { 	2 5 8 18	} }
	jungle				= { terrain = jungle 			color = { 	13 14 15	} }
	palms				= { terrain = desert 			color = { 	12	} }
	savana				= { terrain = grasslands 		color = { 	27 28 29 30	} }
}