#Sorted Alphabetically by each continent. Search for Oceania or Asia, etc etc
#Organised by Bluehunter



### AFRICA ###
trade_company_atlas = { #Atlas
	color = { 191 110 62 }

	provinces = {
		344 345 346 347 348 1110 2460 2464 2466 2467 2468 2469 2470 2465 342 343 349 5211 5212 5213 5219 5228 5229 334 335 1751 5210 5218 4561 4563 4564 4568 5220 5221 5226  
		3391 3392 3327 3334 350 3393
		2463 5328 3325 3328 3333 5324 3342 3340 2462 3331 5327 336 3332 2461 337 3322 4562 5322 3335 3336 3330 3329 338 3341 2459 3343
		3315 3314 3300 3309 3305 3308 3311 3304 3299 3320 3317 3316 3295 3296 3310 3313 3306 3288 3289 3255 3287 3286 3275 3283 3274 3272 3258 
		3257 3249 3252 3259 3260 3297 3269 3298 3318 3312 3344 3321 3324 3323 3326 3346 3418
	}

	# Specific
	# Generic
	names = {
		name = "TRADE_COMPANY_ATLAS"
	}
}
trade_company_benin = { #Benin
	color = { 50 0 200 }

	provinces = {
		2290 1321 1322 1323 1324 1329 2291 12130 #ogun_area
		1326 1328 1330 1332 1338 2289 #osse_area
		1331 1340 1342 1343 1337 1335 1345 #kworra_area
		1146 12133 12132 12134 #osun_area
		12131 1144 12136 12135 12137 12138 12139 12140 #oyo_area
		1585 1586 1587 1584 12142 12141 1610 1611 1609 #kwara_area
		1145 1615 1605 1602 1604 1612 1593 #lower_niger_area
		1608 1606 1613 1614 2293 #yauri_area
		1626 2278 1622 1623 1620 1621 #kebbi_area
		1631 1628 1625 1627 1624 1629 1630 #sokoto_area
		1641 1637 1632 1640 1639 1638 #zazzau_area
		1147 2294 1339 1341 1344 1333 1334 1367 #benin_area
		1152 1357 1600 1601 1591 1590 1589 1592 1588 #kogi_area
		1673 1697 1696 1699 1698 1154 1603 1607 #gwari_area
	}

	# Specific
	# Generic
	names = {
		name = "TRADE_COMPANY_BENIN"
	}
}
trade_company_biafra = { #Biafra
	color = { 0 50 200 }

	provinces = {
		1336 1347 1348 1349 1350 1351 1151 1360 1353 1346 #toru_beni_area
		1352 1354 1358 1366 1355 1364 #igbo_area
		1163 1361 1362 1363 1365 #cross_area
		1356 1594 1597 1595 1599 1598 1682 1596 #lower_benue_area
		1616 1617 1619 1153 1618 1679 1677 1678 1672 #nassarawa_area
		1162 1681 1683 1684 1685 1686 1249 1680 #taraba_area
		1556 1388 1380 1555 #mambila_area
		1359 1395 1393 1394 1550 1390 1551 1391 1389 #gulf_of_guinea_area
		1401 1402 1403 1552 1392 1405 1404 1397 1396 #sanaga_area
		1553 1406 1408 1407 #lom_area
		1381 1382 1383 1377 1378 1554 1379 #adamawa_plateau_area
		1164 1399 1400 #ntem_area
		1097 1306 4140 #sao_tome_area
		14959 14960 14961 #mbini_area
		1165 14964 14965 14963 #gabon_area
	}

	# Specific
	# Generic
	names = {
		name = "TRADE_COMPANY_BIAFRA"
	}
}
trade_company_chad = { #Chad
	color = { 5 50 50 }

	provinces = {
		1155 1157 1158 1160 1161 2280 2281 2282 2283 2284 2285 2286 2287 2288 1159 1737 14995 1738 1734 1733 1735 1530 1741
		2932 1451 1452 1434 1435 1436 1414 1413 1433 1443 1432 1431 1418 1444 1430 1531 1633 1541 1533 1532 1700 1702 1703 1705 1558
		1442 1410 1417 1437 1409 1560 1561 1709 1711 1156 1148 2273 1736 1695 1706 1412 1411 1438 1439 1441 1445 1446 1447 1415 1416 1450 1449
		1448 1427 14909 14955 14954 14956 14915 14958 14957 14916 14936 14937 1428 14918 14919 14929 1429 1375 1674 1643 1671 1693
		14939 14938 1424 1425 1426 1422 1440 1421 1420 1562 1559 1688 1694 1690 1689 1687 1707 1708 1712 1704 1701 1710 1536 1539
		1537 1535 15002 1534 15001 14932 1692 1387 1386 1385 1376 1374 1419 1423 1384 1642 1666 1667 1646 1645 1647 1538 1740 1739
		1691 1670 1676 1675 1634 1636 1635 1150 1149 2279 1668 1669 15507
	}

	# Specific
	# Generic
	names = {
		name = "TRADE_COMPANY_CHAD"
	}
}
trade_company_east_africa = { #Swahili
	color = { 32 164 51 }

	provinces = {

		#9050 9051 9052 9053 9054 #umwalia_area
		#4037 4036 9055 9056 9057 9058 9059 9060 #wayao_area
		#9065 9063 9062 9064 9061 #medo_area

		1204 2796 8994 8996 8997 9001 9000 8993 #northern_swahili_coast_area #Pate
		1202 1203 8990 8991 8992 8989 8829 #mombasa_area
		1201 1199 1200 8984 8985 8983 8986 8987 8988 #zanzibar_area
		1196 1197 8979 9207 8982 8981 9151 #central_swahili_coast_area #Kilwa
		1198 8975 8976 8977 8978 #lindi_area
		4020 10115 10116 10117 #comoros_area
		4049 8970 8971 8972 8973 8974 #quirimbas_area
	}

	# Specific
	# Generic
	names = {
		name = "TRADE_COMPANY_EAST_AFRICA"
	}
}
trade_company_egypt = { #Egypt
	color = { 200 200 102 }

	provinces = {
		1232 358 359 360 361 362 363 364 365 1231 2315 2316 2317 2318 2319 2320 2321 2324 2325 5181 5261 4316 4317 5264 4318 5267 4320 4319 4321 5271 5272 5273 4323 4322 5282 1229 1233 5278 5283 5280
		10231 10953 10928 10926 9744 9745 8031 11796 11772 11795 11794 11780 11791 11784 11790 11789 11788 11779 11793 11785 11771 11770 11787 11769 11768 11767 11783 11792 11786 11781
		11797 11798 11799 11800 11801 11802 11803 11804 1459 1460 14907 14908 1226 2323 14904 14902 14903 14882 15529 15530
	}

	# Specific
	# Generic
	names = {
		name = "TRADE_COMPANY_EGYPT"
	}
}
trade_company_ethiopia = { #Ethiopia
	color = { 56 120 191 }

	provinces = {
		1224 2772 8720 8719 8726 8727 8724 8723 8716 8711
		1223 2770 8721 2768 8846 8845 8841 8838 8836
		8748 8750 8671 8601	8670 2756 8604 8603
		2769 1214 8804 8718 8783 8787 8786 8728 8834 8815
		#
		1227 2767 8669 8712 8714 8715 8702 8725 8717 2771
		2787 2766 5297 8660 8661 8663 8664 8666 14886 14885
		8880 8703 8708 8704 8705 8710 8706 8709

		2759 8685 8692 8683 2758 8691
		2757 8672 8673 8682 8674 8675
		4158 8684 8693 8713 8699 8696
		2764 8707 8848 8808
		2763 8881 8874 8873 8694 8686 8688 8687 8689 8690
		2762 8868 8698 8795
		2760 8722 8697 8700 2761
		8791 8796 8812 8832 8814 8806 2791 8735
		8665 8734 8788 8789 8823 8733 8731 1213
		# Upper Somalia - might move back
		1211 8677 8676 8651 8739 8678 8679 8680
		1218 8732 8615 8617 8613
		1210 8821 8820 8738 8730 8701 8729 8737 8736
		8650 8667 8695 8668 8681
	}

	# Specific
	# Generic
	names = {
		name = "TRADE_COMPANY_ETHIOPIA"
	}
}
trade_company_gold_coast = { #Gold Coast
	color = { 255 204 0 }

	provinces = {
		10100 10101 10103 10104 10105 10107 10108 1139 10109 10111 #gold_coast_area
		1141 10112 10848 10847 12005 #west_africa_coast_area
		2257 10110 10804 10799 10809 10805 10806 10808 10807 10811 #ashanti_area
		1138 10102 10815 10842 10810 10816 10812 10813 10818 #kwahu_area
		10843 10844 2254 10833 10832 10830 10831 10834 10829 10820 #lower_mouhoun_area
		10841 10840 10838 10839 10837 10113 10836 10828 10827 10835 #lower_nakambe_area
		10114 10846 10845 2256 12004 12003 12000 12002 12001 #togo_area
		1140 10849 2295 2292 12007 12006 12008 12009 12113 12010 #oueme_area
		12114 12115 10850 12118 12117 12116 1143 #atacora_oueme_area
		10819 10817 10823 10825 10824 10821 10822 10826 #lower_volta_area
	}

	# Specific
	# Generic
	names = {
		name = "TRADE_COMPANY_GOLD_COAST"
	}
}
trade_company_ivory_coast = { #Ivory Coast
	color = { 230 230 190 }

	provinces = {
		2258 10106 10712 10707 10700 10706 10701 #ebrie_area
		1126 10705 10703 10704 10709 10710 10702 10708 #ivory_coast_area
		10798 10726 10725 10797 2255 10711 10802 10717 10713 #komoe_area
		10714 10716 10715 10790 10724 10791 10792 #bandama_area
		10719 10720 10728 10789 10722 10788 #marahoue_area
		1125 10793 10723 10796 10795 10794 #kong_area
		10718 10784 10785 10727 10783 #toura_area
		10787 10786 10721 10800 10801 #denguele_area
	}

	# Specific
	# Generic
	names = {
		name = "TRADE_COMPANY_IVORY_COAST"
	}
}
trade_company_katanga = { #Katanga
	color = { 50 75 120 }

	provinces = {
		15466 15467 4092 15492 15494 15493 15468 #kasai_area
		4098 15500 15499 15496 15498 15495 15501 #luba_area
		15481 4097 15395 15398 4096 15396 15397 #lomami_area
		4103 15482 15465 15483 4099 15464 15463 4109 15394 #lukuga_area
		4100 15476 15475 15477 15474 15479 #mitumba_area
		15373 15471 15472 15473 15372 15478 15480 #upemba_area
		4101 15487 15486 4104 15484 15485 15374 #katanga_area
		15497 15489 15488 4107 15491 15490 #nzilo_area
	}

	# Generic
	names = {
		name = "TRADE_COMPANY_KATANGA"
	}
}
trade_company_kilimanjaro = { #Kilimanjaro
	color = { 0 50 50 }

	provinces = {
		1925 8907 8908 8909 8910 8911 #ukambani_area
		4051 8740 8741 8742 8743 8744 8753 8754 #tana_area
		#4052 8760 8761 8763 8764 8773 8752 8762 #ewaso_ngiro_area
		8914 8918 8916 8919 8921 8912 8920 #kenya_area
		8861 8862 8864 8865 8866 8858 #ngong_area
		1273 8830 8831 8835 8833 8837 #taita_area
		4055 9382 8784 8790 9179 #pare_area
		8794 8798 8793 8844 4059 8842 8843 8860 #kilimanjaro_area
	}

	# Specific
	# Generic
	names = {
		name = "TRADE_COMPANY_KILIMANJARO"
	}
}
trade_company_lower_kongo = { #Lower Kongo
	color = { 100 175 0 }

	provinces = {
		4078 14970 14969 14971 14968 14967 14962 15306 #lower_ogooue_area
		14966 14974 14973 14972 #upper_ogooue_area
		15326 15327 15325 15323 15324 15320 15321 15322 1169 15319 #bateke_area
		15307 15309 15308 15310 15313 15312 15314 15315 15311 15318 #kouilou_area
		15302 1166 15303 15304 15305 15286 15285 10878 #loango_area
		4079 15287 15289 15288 15291 15292 15293 15294 15290 #coastal_kongo
		1170 4080 4081 1168 15197 15198 15203 15202 15228 15201 #kongo_area
		2949 15208 15209 15207 15206 15210 15205 15230 15204 15211 #inkisi_area
		4085 15357 15353 15352 15351 15350 15332 15329 15331 #kwango_area
		15336 15337 15349 15375 15404 15402 15399 15400 15403 15401 #kwilu_area
		1901 15297 15295 15330 15298 15296 15299 15334 15335 15200 #lower_congo_area
		15301 15300 15316 15317 #mpumbu_area
		15156 15157 1171 15215 15212 798 15213 #kwanza_area
		5426 15131 15132 15121 15122 15130 15123 #namibe_area
		#ANGOLA
		15223 4083 15224 15227 4082 15226 15225 #lunda_area
		15214 15216 15220 15221 15217 15218 15222 15219 2948 #matamba_area
		1167 15149 15147 15148 15229 15150 15199 15231 #angola_namibia_area
		15146 15151 15152 15155 15154 15153 15165 15167 15166 15128 #longa_area
		4084 15168 15129 15195 15196 15194 #bie_area
		15124 15143 15144 1172 15145 15142 #luombaka_area
		15179 15182 15183 15193 4093 4094 15186 #moshiko_area
		15189 15190 15185 15191 15192 15187 #chokwe_area
	}

	# Generic
	names = {
		name = "TRADE_COMPANY_LOWER_KONGO"
	}
}
trade_company_madagascar = { #Madagascar
	color = { 36  132  247 } #Imereti colors

	provinces = {
		4021 4024 4025 10217
		1792 4023 4027
		1193 1194 4022 4031 4032
		4026 4028 4029 4030 1373
		15069 15070 15071 15072 15073 15074 15075
		15076 15077 15078 15079 15080 15081 15082 15083 15084 15085 15086 15087 15088 15089 15090 15091 15092 15093 15094 
		15095 15096 15097 15098 15099 15100 15101 15102 15103 15104 15105 15106 15107 15108 15109 15110 15111 15112 15113 
		15114 15115 1102 1103 10216 10215 1100 5093
	}

	# Generic
	names = {
		name = "TRADE_COMPANY_MADAGASCAR"
	}
}
trade_company_nyanza = { #Nyanza
	color = { 57 168 220 }

	provinces = {
		8751 8747 8758 8755 8757 8756 8759 4060 8898 #chalbi_area
		4053 8749 8882 8885 8893 8897 8895 #turkana_area
		4074 4075 9228 8890 9214 9232 9254 9142 9243 9164 9242 9239 9241 9252 9246 #acholi_area
		4054 8900 8906 8867 8899 8896 #uasin_gishu_area
		8891 8905 8894 8901 8892 #nzoja_area
		4062 9357 9225 9224 9227 9222 #busoga_area
		4064 9342 9348 9362 9354 9351 9343 9353 9350 9345 #uganda_area
		4065 9355 9363 9356 9346 9347 #bunyoro_area
		4066 9331 9332 9336 9358 9361 9341 9335 9338 9334 #nyanza_area #Katonga
		9339 9359 9337 9360 #tooro_area
		4067 9315 9325 9323 9324 #rwanda_area
		4070 9312 9313 9326 9316 #burundi_area
		4063 4069 9317 9322 9319 9320 9321 #karagwe_area
		4072 4076 9310 9309 9311 9314 #buha_area
		4061 8822 8816 9318 8817 8818 8819 #buzinza_area
		8803 8802 8801 8800 9378 8805 8824 8807 #babinza_area
		8813 8811 8809 8810 #ukerewe_area
		8847 8851 8856 8854 8852 8853 8857 #serengeti_area
		8877 8878 8879 8884 8886 8887 8888 8889 8883 #kavirondo_area
	}

	# Specific
	# Generic
	names = {
		name = "TRADE_COMPANY_NYANZA"
	}
}
trade_company_sahara = { #Sahara
	color = { 250 255 220 }

	provinces = {
		2457 5303 3476 3494 5304 3488 2449 3487 3470 4567 3355 5329 2456 3233 3350 2472 3352 3349 3354 3356 3353 3351 3357 3442 3358
		1127 5222 5223 3359 3360 3402 3361 3365 3362 3364 3366 3400 3363 3399 3367 3368 3388 3387 3401 5307 3474 3475 2448 2474 3482 3483 3484 3485 3486 3369
		1130 1128 1129 2247 3385 3386 3370 3389 3371 3374 3377 3372 9330 3383 3376 3416 3382 3378 3380 3447
		2272 2274 2277 2275 2475 3403 3449 3450 14984 11885 11886 11889 11881 15059 15058 15019 15020 15057 15060 15029 15047 15037 15032
		15053 15054 15055 15049 15050 15051 15052 15046 15044 15048 15045 15028 15017 15026 15018 15005 15007 15024 15006 15022 15016 15056 15038 15015 15009
		14989 1548 1547 1549 14986 14988 1542 1543 1544 14991 14990 1545 14993 1546 15004 11884 11887 15010 11883 11890 11891 11888 11882 14998 14999 15035 15034 15033
		14997 14996 15003 15008 15000 1456 1455 1457 1458 14983 15043 2276 15067 15068 15066 15065 15551 10519 10514 10508 10510 15505 10516 10517 10526 10532 15546
		3381 3415 3424 3430 3435 3444 3443 3445 2243 15542 15543 10504 10501 10500 10502 10503 15508 15509 15506 10529 15511 15512 15528 15510 10535
		3379 3446 3422 3431 3439 11831 11833 15553 10534 15544 15547
	}

	# Specific
	# Generic
	names = {
		name = "TRADE_COMPANY_SAHARA"
	}
}
trade_company_senegambia = { #Senegambia
	color = { 0 75 100 }

	provinces = {
		13327 10120 1096 10122 10123 10121 1111 1112 1113 1116 2239 1114 2238 2237 1115
		10074 10075 4565 366 10076 10077 10086
		9329 3384 9327 9328 3373 3375 3406 3423 3410 3398 3405 3428 3408 3409 3407 3417 3427 2240
		11892 11893 11894 11895 11896 11897 11898 11899
		11947 11948 11949 11950 11951 11952
		11953 11954 11955 11956 11957 11958 11959 11960 11961 11962 11963 11964 11965 11966 11967 11968 11969 11970 11971 11973 11974 11975 11976 11977 11978 
		11979 11980 11981 11982 11983 11984 11985 11986 11987 11988 11989 11990 11991 11992 11993 11994 11995 11996 11997 11998 11999

		2244 3411 3413 3414 3429 3433 3434 3412
		1120 10895 10899 10894 10897 10904 10896 10905
		10906 10903 10908 10907 10912 10914 10913 10916
		3420 3432 3419 3436 3437 3438 3440 11875 11870 11874
	}

	# Generic
	names = {
		name = "TRADE_COMPANY_SENEGAMBIA"
	}
}
trade_company_sofala = { #Lower Zambezi
	color = { 200 0 0 }

	provinces = {
		1182 8933 9217 9218 9219 9220 9221 9223 9226 #delagoa_area
		1800 5382 8942 8935 8936 8937 8938 8939 9237 #limpopo_area
		1183 8945 9236 9234 8943 8941 9235 #inhambane_area
		8946 8947 9247 8948 8949 8950 8951 #chibuene_area
		1186 8953 8955 8956 #sofala_area
		1192 9009 8958 8959 8960 9006 9030 8957 #quelimane_area
		788 8961 8962 8963 8964 #angoche_area
		1195 8965 8966 8968 8969 #mozambique_area
		9005 9230 9248 9233 9229 8944 9231 9008 9007 #gitonga_area maybe switch this out?
	}

	# Generic
	names = {
		name = "TRADE_COMPANY_SOFALA"
	}
}
trade_company_somalia = { #Somalia
	color = { 150 50 50 }

	provinces = {
		2781 2777 8769 8767 8766 8770 8771 8772
		2774 9002 8745 8746 9004 8765 1370
		4052 8760 8761 8763 8764 8773 8752 8762
		1207 1208 2778 8646 8645 8647 8631 8644 8638 8639
		8634 8635 8636 8637 8642 8643
		8768 8774 8775 8776 8777 8779
		1205 2775 2794 2776 2780 8778 8780 8781
		1206 2024 2783 2784 2788 9015 8954 8952 8940 9016 2786 8622 9099 9017
		2782 2785 2795 8782 8934 9014
		2793 8627 8633 8625
		2792 8621 8620 8630 8629 8632

		1209 2789 2790 8623 8628 8618 8619
		1212 8626 8624 8652
		8602 8609 8608 8610 8612 8600 8607 8606 8605 8611
		2779 8648 8616 8640 8641 8614 1372
	}

	# Specific
	# Generic
	names = {
		name = "TRADE_COMPANY_SOMALIA"
	}
}
trade_company_south_africa = { #Kalahari
	color = { 0 175 0  }

	provinces = {
		4057 5363 5388 5389 5390 5391 5392 5393 5394 5395 5396 5397 5398 5399 5400 5401 5402 5404 5405 5408 5409 5419 5420 5421 5422 5423 5424 1174 5386 5425 5387
		5403 5406 5410 5411 5412 5415 5416 5417 5418 5427
		5407 5413 5414 #zambezi_area
		15158 15159 15160 15126 15163 15161 15164 15162 15171 #cunene_area
		15134 15125 15135 15136 15138 15139 15137 15141 15140 #chilengue_area
		15176 15174 15173 15175 15177 15178 15127 15172 15170 15169 #kwando_kubango_area
	}

	# Generic
	names = {
		name = "TRADE_COMPANY_SOUTH_AFRICA"
	}
}
trade_company_tanganyika = { #Tanyanyika
	color = { 255 84 0 }

	provinces = {
		8827 9268 9267 9266 8825 #sandawe_area
		9262 9259 9265 9260 8826 #hanang_area
		8785 9256 8995 9257 8839 8840 9195 9196 9197 9198 #nguru_area
		4071 9379 8799 9374 9271 9277 #nyamwezi_area
		9285 9283 9281 9290 9205 9284 9206 #malagarasi_area
		9286 9298 9287 9293 9288 9292 9291 9184 9185 #mwese_area
		4077 8869 9294 9295 9296 9297 #rukwa_area
		4073 9303 9163 9162 9200 9166 9302 9168 9300 9165 #hehe_area
		8870 8871 8872 9182 9183 9187 #mboze_area
		4041 9181 9301 9180 9167 9170 9177 9178 #kinga_area
		9160 9159 9169 9161 9176 9299 #ikanga_area
		4042 9152 9153 8998 9154 9155 #tanzania_area
		4043 9173 9172 9171 9157 9156 #ruvuma_area
		4035 9145 9150 9149 9148 #makonde_area
		4058 9189 9190 9188 9194 9193 9192 9175 8828 #morogoro_area
		4056 9201 9202 9203 9208 9209 9199 #mgunda_mkali_area
	}

	# Specific
	# Generic
	names = {
		name = "TRADE_COMPANY_TANGANYIKA"
	}
}
trade_company_tunis = { #Tunis
	color = { 146 134 57 }

	provinces = {
		3404 3396 3394 3397 3395 3348
		339 340 341 351 1882 2454 2455 2458 2473 5313 5314 5315 5317 5318 5320 5321 5323 5325 5326  5224 5225 4566 2453 5319 353 354 355 2450 2451 2452 2954 5306 5309 5310 5311 352 5312 5316 
		3213 3187 3188 3189 3192 3196 3197 3219 3198 3212 3211 3190 3228 3218 3216 3214 3208 3215 3217 3232 3205 3202 3206 3235 3236 3234 3338 3337 3240 3339 3237
		3345 3347 3490 3477 3489 3473 3491 3493 3492 3497 3495 3471 3498 3496 3499
		2326 357 10228 10230 10229 356 5274 15031 15552 15532
	}

	# Specific
	# Generic
	names = {
		name = "TRADE_COMPANY_TUNIS"
	}
}
trade_company_upper_volta = { #Upper Volta
	color = { 50 150 300 }

	provinces = {
		10860 10862 2252 10852 10859 10858 10864 2253 10851 10861 #karfiguela_area
		10865 10866 10870 10868 10853 10867 10863 10889 10869 10892 #upper_mouhoun_area
		10854 10891 10885 10890 1137 10855 10856 #nazinon_area
		1135 2267 10888 10886 10884 10857 10882 10881 10872 10871 #upper_volta_area
		10876 10877 2266 1136 10880 10879 10887 #sirba_area
		2265 10875 10874 10873 10883 #tambao_area
	}

	# Specific
	# Generic
	names = {
		name = "TRADE_COMPANY_UPPER_VOLTA"
	}
}
trade_company_upper_kongo = { #Upper Kongo
	color = { 80 65 60 }

	provinces = {
		4090 15414 15413 15412 15410 15411 15409 15408 #sankuru_area
		15362 15361 4091 15363 15364 15366 15365 15355 #lulua_area
		4087 15358 15359 15360 4088 15356 15354 #lower_kasai_area
		15340 4086 15416 15407 15406 4089 15405 15415 15346 #lokoro_area
		15344 15343 15342 15341 15345 15339 15376 #ndombe_area
		15422 15423 15424 15425 15421 15348 15347 #tshuapa_area
		4105 15367 15368 15417 15371 15370 15369 15469 #manyema_area
		15443 15444 15445 15446 15426 15447 15448 #upper_congo_area
		15432 15431 15429 15427 15428 15430 15434 15433 #ituri_area
		4068 15388 15387 15386 15385 15383 15384 15381 15377 15380 #kivu_kusini_area
		15338 15382 15378 15389 15390 15379 15393 15392 15391 #kivu_kaskazini_area
		15455 15418 15456 15419 15470 15420 #lualaba_area
		15449 15450 15462 15451 15457 15458 15459 15460 15435 15461 #uele_area
		14945 14948 14911 14947 #mbomou_area
		15453 15452 15454 15440 15442 15437 15441 15438 15439 #oubangui_area
		14913 14940 14953 14912 14946 14910 14949 14950 14951 #mbari_area
		14941 14942 14914 14944 14943 #ouaka_area
		14922 14926 14924 14921 14927 14930 14928 14920 #karre_area
		14923 14933 14931 14934 14917 14935 #ubangi_area
		15436 15333 15328 #likoula_area
	}

	# Generic
	names = {
		name = "TRADE_COMPANY_UPPER_KONGO"
	}
}
trade_company_upper_niger = { #Upper Niger
	color = { 230 231 62 }

	provinces = {
		3426 3425 3421 3441
		1122 1124 1123 1131 1132 1134 1133 2245 2246 2248 2249 2250 2259 2260 2261 2262 2263 2264
		11852 10911 11845 11856 11853 11859 11851 11861 10917 10918 10893 11850 11869 11864 11849 11848 11828 11827
		11879 11820 12129 2271 1142 2268 2269 2270 1713
		10915 11877 10898 11876 11832 11871 11872 11805 11806 11817 11816 11821 11812 11808 11813 11809 12123 11862 11858 11857 10910
		10909 11854 11855 11846 11841 11840 11839 11834 11836 11829 11835 11844 11838 11825 11826 11824 11819 11818 11815 11811 11814 11873 11837 11830
		11847 11842 11843 11868 11867 11866 11865 10919 12128 11878 12127 12121 12120 11823 11822 11810 1721 1722 1727 1730 1731 14992 14994 1732
		12122 12124 12126 11807 12125 11880
		1719 1724 1723 12119 1725 1726 1729 1720 1728 1714 1715 1716 1717 1718
	}

	# Generic
	names = {
		name = "TRADE_COMPANY_UPPER_NIGER"
	}
}
trade_company_upper_nile = { #Upper Nile
	color = { 50 162 50 }

	provinces = {
		1216 1220 1221 1222 1228 2322 2797 2798 2799 2800 5266 5277 5279
		5281 5284 5285 5286 5300 5301 5302
		5290 1217 5287 5289
		4033 1225 1234 14898 14905 14895 14880 14894 14897 14893 14892 14900 14891 14870 14899 14879 14856 14773 14857 14867 14858 14863 14860 14871 14925 14877
		14888 14862 14869 14873 14872 14875 14874 14876 14878 14884 14868 14859 14864 14865 14861 14761 14762 14887 14890 14889 14764 14771 14772 14779 14774 5495 14775
		14778 14777 14794 14776 5493 14785 14784 14783 14787 14786 14793 5486 14792 14790 14789 5494 14805 5485 14804 14803 14765 14770 14763 14767 14766 14780 14781 14782
		14791 14788 14802 14801 14798 14814 14813 5484 14799 14815 5482 14816 14817 14806 5481 14809 5483 14797 14796 1464 14818 5480 5474 5475 14866 14854 14855 14853
		14852 14828 14827 14851 14844 14846 14845 14824 14841 1461 14834 1465 1463 14849 1466 2802 1219 2801 5470 14810 14819 14811 14812 5479 14807 14808 14800 14795 14820
		14821 5472 14822 5473 14826 14830 14832 14831 14829 14843 14823 14838 1467 14836 14839 14835 1462 14840 14842 774 14837 14833 14825 5476 15513 11630 10359 15502 15504
		15503 15540
	}

	# Generic
	names = {
		name = "TRADE_COMPANY_UPPER_NILE"
	}
}
trade_company_west_africa = { #Sierra Leone
	color = { 50 0 50 }

	provinces = {
		1119 10729 10731 10730 10732 10736 10733 10803 #guinea_coast_area
		10763 10764 10760 10761 10762 #ziama_area
		10735 2242 10738 10737 10739 10734 #diani_area
		11972 10743 10740 10741 10742 10747 10748 10749 #taia_area
		1121 10775 11860 11863 10781 10782 10773 #milo_area
		10745 10744 1118 10746 10751 10752 10750 #kolente_area
		10780 10772 10776 10777 10774 #tinkisso_area
		1117 10779 10767 10766 10771 10778 10768 10769 10770 #futa_jallon_area
		2241 10765 10753 10759 10754 10756 10755 10758 10757 #pongo_area
	}

	# Specific
	# Generic
	names = {
		name = "TRADE_COMPANY_WEST_AFRICA"
	}
}
trade_company_zambezi = { #Upper Zambezi
	color = { 191 209 29 }

	provinces = {
		9128 9129 9127 9143 #vuxwa_area
		1185 9141 9130 9140 9138 9136 9139 9137 #butua_area
		9122 9121 9120 9119 9118 #naletale_area
		1189 9131 9134 9211 9210 9135 9212 9132 9133 #shangwe_area
		1184 9126 9125 9124 9123 9240 #zimbabwe_area
		2951 9019 9250 9021 9215 #manyika_area
		2950 9113 9115 9116 #buhera_area
		1191 9097 9100 9098 9238 1188 9102 9103 #tete_area
		9213 9104 9108 9109 9107 9106 9105 #dande_area
		9026 1187 9025 9255 9024 #lower_zambezi_area
		4039 9028 9029 9066 9067 9069 #shire_area
		2952 9251 9011 9249 9013 9010 9018 9012 #madanda_area
		9027 9245 9020 9253 9216 #teve_area
		9031 9032 9033 9034 9035 9036 #chilwa_area
		4048 4038 9042 9186 9041 9039 9040 9038 9037 #lomwe_area
		9023 9022 9158 9244 #barue_area
		9050 9051 9052 9053 9054 #umwalia_area
		4037 4036 9055 9056 9057 9058 9059 9060 #wayao_area
		9065 9063 9062 9064 9061 #medo_area
		4047 1190 9075 9074 9073 9072 9071 9070 #upper_zambezi_area #Angónia
		4040 9079 9076 9080 9082 9078 9077 9068 #kalonga_area
		4034 9043 9044 9049 9048 9047 9046 9045 #uticulo_makuana_area
		9087 9090 9085 9086 9084 9083 #tumbuka_area
		4044 4045 9093 9092 9089 9088 #ngonde_area
	}

	# Generic
	names = {
		name = "TRADE_COMPANY_zambezi"
	}
}
trade_company_zambia = { #Zambia
	color = { 120 75 120 }

	provinces = {
		4095 15278 15188 15282 15184 15181 4108 15283 15280 #lunga_area
		15247 15249 15248 15250 4106 15251 #kariba_area
		15253 15117 15254 15255 15279 15284 #upper_kafue_area
		4050 15242 15119 4046 15262 15261 15118 15260 15259 #zambia_area
		15281 15258 15257 15256 15252 15244 15246 15245 15241 #lower_kafue_area
		15265 9096 15267 15264 15263 9095 15269 15270 15268 15243 #muchinga_area
		15275 4102 15277 15274 15276 15273 8875 8876 9094 #bangweulu_area
		15272 15120 15271 15266 #luapula_area
		15239 15235 15234 15236 15240 15233 15116 15238 15232 15237 #u_zambezi_area
	}

	# Generic
	names = {
		name = "TRADE_COMPANY_ZAMBIA"
	}
}



### AMERICAS ###
trade_company_caribbean = { #Caribbean
	color = { 232 232 4 }

	provinces = {
		5583 482 483 487 491 492 493 494 495 496 497 498 499 500 501 502 1881 5577 5576 5574 5575 5584 5585 5586 5581 5582 5578 5579
		10138 10143 10142 10145 10140 10141 10066 10680 10681 10666 10667 10676 10679 10614 10067
	}

	# Specific
	# Generic
	names = {
		name = "TRADE_COMPANY_CARIBBEAN"
	}
}

trade_company_guyana = { #Guyana
	color = { 252 221 50 }
	provinces = {
		743 744 2931 3774 3775 3781 3782
		745 2937 3770 3771 3772 3773 3778 3779 3780
		746 3765 3766 3767 3768 3769 3776 3777
		747 2938 3707 3708

		742 2804 2811 4617 3783 3784 3785
	}

	# Specific
	# Generic
	names = {
		name = "TRADE_COMPANY_GUYANA"
	}
}



### ASIA ###
trade_company_aden = {
	color = { 207 13 45 }

	provinces = {
		13912 387 388 389 390 401 402 1099 2342 2343 2344 2345
		4279 5239 4281 5241 4284 5243 4283 5244 4280
		9698 9699 9700 9701 9711 9712 9713 9714 9715 9937 9938 9939 9940 9941 9942 9936 9935 9934 9933 9931 9930 9932 9929 9927 9925 9923 9924 9907
		9903 9904 9905 9906 9908 9909 9910 9911 9912 9914 9964 9913 9915 9917 9916 9918 9920 9922 9921 9919 9709 9708 9707 9706 9705 9704 9703 9702 9696
		#
		2765 8654 8655 8656 8657 8863 8855
		#
		1215 2773 8649 8653
		1230 5288 5298 8659 8662 8658 1368 1369 14883
	}

	# Generic
	names = {
		name = "TRADE_COMPANY_ADEN"
	}
}
trade_company_azerbaijan = {
	color = { 68  110  35 }

	provinces = {
		3256 2205 10991 421 4299 4305 10971 10988 2199 4306 10993 10973 11013 10990 3261 10972 425 10989 11053 11027 11015 4340 11028 10960 11041 10962 
		11040 2202 11019 4339 416 424 2207 4300 10961 11029 11030 11031 2206 4304 10957 10958 11033 2212 417 10948 7957 
		10938 10937 10936 11060 9994 9997 9971 9970 9984 9735 9615 11061 11062 9388 9389 4155 5566 5569 7943 7945 7952 7961 7939
	}

	# Generic
	names = {
		name = "TRADE_COMPANY_AZERBAIJAN"
	}
}
trade_company_borneo = {
	color = { 40 80 40 }

	provinces = {
		638 2712 6527 #kutai_area
		2709 2710 2711 6526 #berau_area
		640 6457 6458 6580 6597 #dayak_area
		639 6463 6464 6602 #kalimantan_area
		2707 6598 6599 6603 #kapuas_area
		2706 2708 6465 6586 #kotawaringin_area
		2740
		11385 11386 11387 11388 11389 11390 11391 11392
		11723 11687 11699 11685 11686 11721 11726 11727 11722
	}

	# Generic
	names = {
		name = "TRADE_COMPANY_BORNEO"
	}
}
trade_company_brunei = {
	color = { 244  233  0 }

	provinces = {


		636 11400 11399 11398 11397 #brunei_area
		637 2703 6600 11396 11395 11394 11724 #sabah_area
		2704 2705 6460 6601 6461 6462 #sarawak

	}

	# Generic
	names = {
		name = "TRADE_COMPANY_BRUNEI"
	}
}
trade_company_burma = {
	color = { 250 210 10 }

	provinces = {
		584 2399 581 2398 580 4393 2397 4394 4396 585 4395 583 588 2400 4397 4406 587 2401 4398 582 2395 2396 4404 4405
		6499 6500 6579 6577 6576 6452 6578 6451 6453 6544 6545
		   2403 590 586 6551 4399 6550 1815 2402 6543 579 6484 6485
		12901 12902

		#NEW INDOCHINA
		8480 8481 8482 8483 8484 8485 8486 8487 8488 8489 8491 8492 8493 8494 8495 8496 8497 8498 8499 8500 8501 8502 8503
		8504 8505 8506 8507 8508

		#removed
		#591 11746 2404 11747 11745 6536
	}
	names = {
		name = "TRADE_COMPANY_BURMA"
	}
}
trade_company_central_asia = {
	color = { 3  67  126 }

	provinces = {
		460 440 453 454 455 456 457 471 472 476 477 1967 1969 1970 478 2370 2363 2356 2364 2355 2360 2361 2358 2351 2359 458 4344 4685 9429 9461 9928 9466 
		9459 9458 9423 9428 9419 9418 9480 9481 9420 9426 9424 441 1973 9621 9623 9408 9409 9410 9629 9628 9625 
		9622 9405 9407 9620 9624 9626 9627 9619 442 9415 9479 9422 9427 9471 9417 4343 9425 9431 9464 9465 9421 9460 9475 9463 9430 439 9403 9539 9540 
		9402 9412 9413 9411 9406 9414 444 1968 9433 9432 9476 9474 9434 9477 9435 9468 9536 2362 9404 438 9537 2349 9543 9541 9542 9544 9617 9618 9535
		9485 9486 9495 9487 9462 9494 9470 9491 9488 9496 9484 9482 9483 3033 3084 3080 9498 9493 9492 9499 9497 3041 3032 3031 3088 3090 3091 3096 3097 
		3038 3035 3100 3075 3065 3086 3094 3098 3093 3095 3102 3101 3176 3178 3175 3136 3126 
		4692 3162 3158 3161 3163 3167 3149 2368 3141 3129 3127 3133 3069 3072 3082 3092 459 461 3153 3140 3079 3053
		1274 3181 3186 2354 1307 479 3183 2369 2357 3173 3171 1265 3166 1264 7917 3049 3062 3052 2125 2126 3048 8089
	}
	names = {
		name = "TRADE_COMPANY_CENTRAL_ASIA"
	}
}
trade_company_ceylon = {
	color = { 125 185 25 }

	provinces = {
		2100 4409 6635 6639 6929 6943 6945 6638 4408 #lanka_area
		572 2099 4407 6636 6637 6640 6944 6946 6948 #south_lanka_area
		574 10152 10153 12713  #indian_ocean_islands_area #
		8051 8050 8049 8048
	}
	# Generic
	names = {
		trigger = {
			OR = {
				tag = GBR
				tag = ENG
			}
			primary_culture = english
		}
		name = "TRADE_COMPANY_INDIA_British_trade_company_ceylon"
	}
	names = {
		trigger = {
			OR = {
				tag = HOL
				tag = NED
			}
			primary_culture = dutch
		}
		name = "TRADE_COMPANY_INDIA_Dutch_trade_company_ceylon"
	}
	names = {
		trigger = {
			tag = DAN
			primary_culture = danish
		}
		name = "TRADE_COMPANY_INDIA_Danish_trade_company_ceylon"
	}
	names = {
		name = "TRADE_COMPANY_CEYLON"
	}
}
trade_company_coromandel = {
	color = { 80 220 220 }

	provinces = {
		2083 4418 4419 4420 12703 12693 12707 12706 12705 #north_carnatic_area
		539 540 1947 4417 12680 12679 12678 2027 12648 #south_carnatic_area
		536 2101 12669 12670 12675 12685 12674 #madura_area
		2026 4415 4416 12681 12677 2085 12676 #tanjore_area
		543 2084 12698 12699 12711 12700 12691 12701 12702 4425 #andhra_area
		549 2080 12694 12687 12695 12688 12696 12689 12697 #kalinga_area
		12183 12185 12189 12187 12184
	}
	# Generic
	names = {
		trigger = {
			OR = {
				tag = GBR
				tag = ENG
			}
			primary_culture = english
		}
		name = "TRADE_COMPANY_INDIA_British_trade_company_coromandel"
	}
	names = {
		name = "TRADE_COMPANY_COROMANDEL"
	}
}
trade_company_deccan = {
	color = { 196 141 96 }

	provinces = {
		#526 2093 4461 12732 12730 12728 12733 12759 12760 12761 #malwa_area
		#12748 12747 12763 12762 2057 4459 #gondwana_area #Vindhuachal
		#4434 4453 2036 12619 12620 12574 #khandesh_area #Satmala
		532 2033 4428 12714 12652 12651 12642 #raichur_doab_area #Raichur
		2037 12721 12722 12727 12726 12725 12724 #telingana_area
		542 4436 4439 12720 12723 12719 12718 12717 12716 12715 #golconda_area
		569 1948 2035 4435 12654 12655 12637 #maidan_area
		548 4442 4443 12622 12624 2028 4444 12625 #berar_area
		1946 2034 4431 12611 12613 12612 4432 12614 12615 #desh_area
		544 4433 12616 12617 12618 #ahmednagar_area
		12704 12692 12709 12708 1949 12710 12712 4423 4424 2090 #rayalaseema_area
		538 4414 12672 12671 12673 #kongu_area #Nilgiri
		533 2031 4421 4422 12639 12640 12647 12649 12650 #mysore_area
		4438 4437 12621 545 12636 12635 12634 12633 12632 12623 #marathwada_area
		541 2032 4426 12646 12645 12644 12643 12653 12690 #tungabhadra_area
		546 2050 12631 12630 12629 12628 12627 12626 #vidarbha_area
		12788 12789 547 12790 12791 4445 #dandakaranya_area
		4447 12784 4446 12785 12781 12780 4448 12786 2048 12787 #pottangi_area
		12188 8042 8043 8044 8045 12186
		4412 
	}

	# Generic
	names = {
		name = "TRADE_COMPANY_DECCAN"
	}
}
trade_company_east_india = {
	color = { 63  20  177 }

	provinces = {
		12777 2049 12778 4441 12779 #chilika_area
		552 2043 12800 12774 12775 12776 #orissa_area #Lower Mahanadi
		12899 4471 2038 12869 12874 12870 12875 #rarha_area
		4476 12871 12872 12873 2081 4477 12867 12866 12877 #west_bengal_area #Hooghly
		561 12876 12868 2039 12885 12884 12886 #sundarbans_area
		12882 12881 4475 12883 #gorai_area
		563 4479 12894 12896 12892 12893 #gaur_area #Gauda
		568 12887 12889 12890 4474 12891 #harkand_area
		2091 4473 12888 12959 12960 12961 12962 12946 12900 12903 #tripura_area #Bakar
		564 2046 4478 567 12898 12897 #east_bengal_area #Bengal
		570 573 2041 12945 12971 12965 12967 12970 12969 12968 #naga_hills_area
		566 4440 12948 12947 12953 12949 12955 12954 #assam_area
		12942 12943 2042 571 12944 12951 #brahmaputra_area
		562 2045 12895 12880 12879 12878 4482 #north_bengal_area #Teesta
		12964 12966 12972 12963 #meghalaya_area
		2040 12950 12952 12957 12958 12956 #arunachal_area
	}

	# Specific
	names = {
		trigger = {
			OR = {
				tag = GBR
				tag = ENG
			}
			primary_culture = english
		}
		name = "TRADE_COMPANY_INDIA_British_East_India_Company"
	}
	# Generic
	names = {
		name = "TRADE_COMPANY_EAST_INDIA"
	}
}
trade_company_east_china = { #Minzhe
	color = { 178 34 34 }

	provinces = {
		669 1829 6675 6678 6917 6674 6663 6647 #fujian_area
		1824 2148 2149 6712 6719 #east_zhejiang_area
		684 6717 6716
		2150 6715 6718 6726 6714 6713
		6728 1822 6729 6730 6727 6731 2145 685 1821
		#taiwan
		738 2155 6921 11553 11556 11558 11619
		2154 6920 11554 11555 11557 11620
	}

	names = {
		name = "TRADE_COMPANY_EAST_CHINA"
	}
}
trade_company_hormuz = { #Hormuz
	color = { 234 233 124 }

	provinces = {
		400 403 431 399 2219 2223 434 2233 397 398 404 13915 2333 2999 2341 4287 5246 4285 4286 5249 5255 4327 5333
		5334 4331 430 4332 395 396 5250 394 5251 9604 9603 9573 9722 9528 9718 9723 9719 9721
		9716 9717 9760 9839 9841 9843 9845 9848 9847 9849 9824 9825 9826 9827 9828 9833 9885 9886 9884 9883 9882 9887 
		9888 9889 9890 9891 9892 9893 9894 9896 9895 9897 9898 9899 9901 9900 9968 9829 9831 9832 9830 9998 9969 9844 9838 9783
		9990 9902 5062 5099 5113 5114 5115 5122 5128 5133 5136 5140 5141 5142 5143 5144 5148 5159 5160 5166 5173 5174 5175 5177
		9842 5132 5149
	}

	# Generic
	names = {
		name = "TRADE_COMPANY_HORMUZ"
	}
}
trade_company_huanghe = { #Huanghe
	color = { 219  206  94 }

	provinces = {
		688 2176 6740 6747 6748 6749 6709 6777 6773 6734 2141 2142 4196 6732 6733 6646 2143 2144 6735 6736 6737 6802 6721
		687 2175 6738 6739 6743 6744 6742 2140 6763 6764 6765 6766 6759 6767 690 6755
		2139 6751 6752 6753 6754 6741 6770 6822 6902 6771 6756 691
	}

	# Generic
	names = {
		name = "TRADE_COMPANY_HUANGHE"
	}
}
trade_company_huangtu = { #Huangtu
	color = { 40  206  40 }

	provinces = {
		6831 6829 6828 6827 6826 6825 6824 6823 6821 6820 6819 6815 6814 6813 6812 6810 6809 6808 6807 6806 6800 6798 2181 2180 698 699 694 2183 689 700 2179 4198 6817 6818 
		6746 6805 2178 6804 6745 4223 701 702 6793 2177 6791 6803 6794 6768 693 6801 1836 6796
		6795 6792 697 6787 6790 6789 12494 12495
	}

	# Generic
	names = {
		name = "TRADE_COMPANY_HUANGTU"
	}
}
trade_company_indochina = {
	color = { 84 152 93 }

	provinces = {
		589 600 601 602 603 1817 2388 2389
		6468 6456 6537 6542 6467 6466 6541 6540 6475 6474 6476 6539   #new sea


		#NEW INDOCHINA
		8470 8509 8510 8511 8512 8513 8514 8515 8516 8517 8518 8519 8520
 	}
	names = {
		name = "TRADE_COMPANY_INDOCHINA"
	}
}
trade_company_indonesia = {
	color = { 140 10 60 }

	provinces = {
		628 2692 6608 6617 #east_java_area
		627 2691 6618 #blambangan_area
		626 6519 6520 #yogyakarta_area
		629 2689 2690 6521 #central_java_area
		624 630 2687 6522 #west_java_area
		625 2688 6523 6619 #cirebon_area
		631 632 2693 6530 #lesser_sunda_islands_area
		1999 1998 #cocos and xmas islands
		11359 11350 11352 11126 11125 11353 11351 11358 11360 11354 11355 11691 11752
	}
	names = {
		name = "TRADE_COMPANY_INDONESIA"
	}
}
trade_company_japan = {
	color = { 250 20 20 }

	provinces = {
		1819 1820 4186 7297 7298 7299 7300 #shikoku_area
		1020 1021 1832 4187 7310 7312 7313 7314 7973 7974 #kinai_area
		1030 4359 4360 7318  #chubu_area
		1839 5028 7326 7327 7332 #eastern_chubu_area
		1835 7323 7324 7325 #mino_area
		1025 4192 7354 7355 7356 7357 7358 #dewa_area
		4131 7350 7351 7352 7353 #thohoku_area
		1026 7344 7345 7346 7347 7348 7349 #fukushima_area
		1024 7341 7342 7343 #echigo_area
		1023 1837 7319 7320 7321 7322 #hokuriku_area
		1028 4189 4190 7333 7334 7338 7339 #kanto_area
		1027 1843 4191 7335 7336 7337 7340 #eastern_kanto_area
		1019 4184 7305 7306 7307 #saigoku_area
		1017 1825 7301 7302 7303 #western_sanyodo_area
		1029 4188 7328 7329 7331 #shinano_area
		1018 1830 4185 4183 7304 7308 7309 #sanindo_area
		1031 1847 4193 7359 #hokkaido_area
		1852 7363 7364 7365 #east_hokkaido_area
		7360 7361 7362 #central_hokkaido_area
		1032 7366 #kuril_islands_area
		1033 7367 4658 8110 8109 8108 #sakhalin_area

		1012 4180  7280 7281 7282 7283 #kyushu_area
		1014 1818 7287 7291 7292 7293 #northern_kyushu
		4181 7284 7285 7286 #kumamoto_area
		4182 4651 7288 7289 7290 #western_kyushu_area
		1015 7368 7369 11715 11716 #ryukyu_area
		7294 7295 7296 7311 7315 7316 6959 6941 6942 7330 6958 6957 6955 6956 6953 6951 6950 6949 6947 6939 6940 6952
	}

	names = {
		name = "TRADE_COMPANY_JAPAN"
	}
}
trade_company_korea = {
	color = { 50 40 230 }

	provinces = {
		1845 2744 4232 7375 7376 7377 #pyongan_area
		732 2742 2743 7371 7372 7373 7374 #hamgyeong_area
		735 4230 7386 7387 7388 7389 #western_korea_area
		734 2694 7378 7379 7380 7381 #eastern_korea_area
		737 2741 4228 7392 7393 7394 #south_korea_area
		1013 4229 7390 7391 #left_chungcheong_area
		736 2745 4227 7395 7396 7397 #left_gyeongsang_area
		733 4231 7382 7383 7384 7385 #left_hwanghae_area
		6960 6961 6962 6963 6964 6965 6966 6967 6968
		7398 7399
	}

	names = {
		name = "TRADE_COMPANY_KOREA"
	}
}
trade_company_levant = {
	color = { 202 150 172 }

	provinces = {
		321 377 378 1849 382 327 332 381 2313 2302 9516 5205 4297 405 4271 5170 4298 5138 5154 5135 10293 5139 5161 5145 5147 2303 2298 
		5162 10136 10154 10285 10288 10286 10284 10281 10279 10280 10249 10245 11046 11045 11044 9525
		1855 10221 10233 10234 10235 10236 10237 10239 10240 10241 10242 1854 11047 379 5180 5203 11048 380 10238 10954 10929 10930 
		10932 10933 10934 10935 10038 10924 10226 9807 9805 9960 9806 9872 9874 4268 9750 9752 9753 9514 9742 9746 9747 9748 9741 9959 9396 9397
		9395 8024 10927 8014 8016 4178 9871 5178 5179 5182 5183 5184 5185 5192
	}

	# Generic
	names = {
		name = "TRADE_COMPANY_LEVANT"
	}
}
trade_company_malabar = {
	color = { 61  155  32 } #Malabar Green

	provinces = {
		534 4413 12686 12657 12684 12663 12683 12658 12664 12659
		531 2029 2030 4427 12641 12656 12638
		535 12666 12660 12682 12665 12661
		537 4410 12668 12667 12662
		1101 1248 10212 10213 10214
		12976 2089 530 12975 4429 12606
		3013 12609 12610 529 12607 12608 11440
		12190 10587 10689 12181 8046 1371
	}

	# Generic
	names = {
		name = "TRADE_COMPANY_MALABAR"
	}
}
trade_company_malacca = {
	color = { 50 30 210 }

	provinces = {
		598 6495 6575 #malaya_area
		594 6477 6573 #northern_malaya_area
		2394 6567 6572 #kedah_area
		599 2393 6574 #kelantan_area
		596 2392 6569 6570 #malacca_area
		595 6479 6568 6571 #perak_area
		597 659 2686 6549 #johor_area
		11384 11381
		11729 11730 11728 11740 11732 11731 11739 11735 11736 11737 11733 11734
		6459
	}

	# Generic
	names = {
		name = "TRADE_COMPANY_MALACCA"
	}
}
trade_company_manchuria = { #Manchuria
	color = { 236 148 36 }

	provinces = {
		724 4218 725 1053 1049 2104 1048 4214 1050 4216 4215 2105 729 4217 731 1850 2186 2106 2107 2108 727 2185 728 4200 2188 730 4201 2110
		4665 4664 4662 2103 4659 4660 4661 4653 4654 4663 4655 4656 2187 2109 4202 4674 6925 6926 6928 6930 6932 2111 726 6927
		8160 8221 8261 8245 8147 8222 8148 8139 8140 8217 8145 8195 8143 8144 8142 8067 8068 8072 8073 8081 8096 8099 8098 8130 8135 8137 
		8138 8136 8134 8223 8129 8117 8128 8115 8116 8112 8113 8111 8133 8132 8131 8104 8124 8127 8125 8126 4666
	}

	# Generic
	names = {
		name = "TRADE_COMPANY_MANCHURIA"
	}
}
trade_company_mekong = {
	color = { 130 50 150 }

	provinces = {
		608 6488 6486 8528 2382 #5
		611 6631 8524 6547 614 8522 #6
		6518 615 6517 #3
		612 6480 6482 6630
		2383 6487 6629
		6472 6628 8527 8526 2384 2385 2386 8525 #8
		2381 6498 6546 1844 6473 8523
	}

	names = {
		name = "TRADE_COMPANY_MEKONG"
	}
}
trade_company_mesopotamia = {
	color = { 75 115 115 }

	provinces = {
		408 409 410 412 2311 2312 2340 4289 4290 4288 4291 10219 10222 10223 10224 10225 11049 11050 11051 10952 11052 11043 406 2310 10218 11032 
		10227 10220 2314 5293 5296 4292 4295 418 5330 5331 11042 11034 10955 10956 411 11035 4293 415 4294  10923
		2308 10244 10243 407 2309 5295 10941 9501 11059 10931 9800 9804 9819 9808 9961 9962 9817 9809 9818 9967 9815 9814 9813 9812 9811 9820 9823 
		4342 9810 9836 9834 9837 9737 9710 9530 9527 9688 9689 9690 9692 9693 9691 9399 9547 9390 9391 9392 9393 9394 9398 5186 5187 5189 5193
	}

	names = {
		name = "TRADE_COMPANY_MESOPOTAMIA"
	}
}
trade_company_moluccas = {
	color = { 196 191 61 }

	provinces = { #	42
		11548 11549 11550 650 6534 2717 #6
		6634 634 11751 #3
		6622 633 11692 6632 6531 6633 #6
		6564 635 6625 6624 #4
		6626 6627 2695 6565 6563 #5
		6566 11712 2696 2725 11509 645 11535 #8
		11710 647 6623 646 #4
		11688 649 11547 648 6535 6533 #6
	}

	# Generic
	names = {
		name = "TRADE_COMPANY_MOLUCCAS"
	}
}
trade_company_mongolia = { #Mongolia
	color = { 15 210 225 } #Mongolia node values

	provinces = {
		1056 1057 1058 2116 4220 717 721 4219 4221 720 2193 2190 2189 2117 718 723 2114 2747 
		4681 4680 4670 4677 4678 4668 4669 4671 4667 4673 
		2115 4203 4672 4675 722 8196 8156 8155 8161 8153 8152 8151 8150 8220 8216 8209 8210 8208 8207 8211 8212
		8205 8206 8204 8203 8202 8201 8184 8193 8159 8185 12310 12311 4679 12290 12289
		716 12292 12293 12303 12304 12305 12308 12307 8166 8171 8170
		4222 8172 8167 8174 8175 719 8177 8178 8179 8169 4682 8168 8173 8188 8181 8180 8182 8158
		1066 12309 12313 12312 12315 12316 1065 12173 12314 12317 12172 8162 8163 8164 8165
		12287 12306 12291 12286 2443 1063 12288 8194 8192 8191 8190 8189 8186 8187 8183
	}

	# Generic
	names = {
		name = "TRADE_COMPANY_MONGOLIA"
	}
}
trade_company_nejd = { #Nejd
	color = { 204 119 31 }

	provinces = {
		391 386 4282 5235 2346 4278 2331 385 4277 5233 2330 384 2329 5232 5231 4269 383 2327 2328 4272 4273 4276 2336 2335 2332
		393 2337 4274 392 2339 2338 5256 2347 4275 10925 9759 9758 9751 9754 9755 9757 9958 9764 9957 9987 9956 9955 9988 9954 9953 9952 9989 9876 9951 9986 9877 9948
		9946 9950 9949 9944 9945 9985 9943 9947 9855 9878 9880 9854 9853 9860 9846 9850 9852 9851 9856 9859 9835 9857 9858
		9861 9862 9865 9879 9868 9863 9864 9873 9875 9870 9867 9866 9881 9963 9840 9926 9966 9869 9965 9736 9697 9724 9725 9726 9727 9728 9729 9730 9731 9732 9733 9734 9738 9739 9740
		9694 9695 9684 9685 9683 9678 9677 9680 9762 9682 9676 9679 8033 4270 5176 15515 15521 15522 15516 15518 15520 15519 15517 15524 15533 15514 15523
	}

	# Generic
	names = {
		name = "TRADE_COMPANY_NEJD"
	}
}
trade_company_north_china = { #Zhili
	color = { 179 128 104 }

	provinces = {
		692 2138 703 1816 2136 4194 695 696 2137 4195 6750 6757 6758 6760 6761 6762 6769 6772 6774 6775 6776 6778 6779 6780 6781 6782 6783 6784 6785 6919 4652
		704 2112 2113 6922 6923 6924 6931 6934 6933 6969 8141
	}

	names = {
		name = "TRADE_COMPANY_NORTH_CHINA"
	}
}
trade_company_north_india = {
	color = { 220 150 10 }

	provinces = {
		522 2062 2065 12801 12802 12803 12804 12805 12813 12815 #Delhi
		2060 12821 12830 12820 12827 12823 12824 #upper_doab_area
		556 2063 4496 4497 12834 12836 12835 524 12822 1320 #lower_doab_area
		523 2094 4494 4495 12840 12839 12842 12841 12837 12838 1312 1314  #oudh_area
		1311 2061 4498 4499 12826 12825 12831 12996  #Rohilkhand
		555 2055 2095 4490 12849 12846 12848 12847 12833 1313 #purvanchal_area
		511 2069 12924 12913 12925 12914 12912 12916 12915 12926 12997
		4491 12907 12906 12932 12933 12927 12931
		12909 12910 2070 4485 12908 12934 12935 12937
		4492 554 12911 12928 12917 12929 12930
		2071 4483 12941 12939 12940 12938 12936 4484 557 12905
		558 2044 4469 4472 12852 12858 12853 12854 1315 1316
		2047 4486 4487 4488 4489 12850 12855 12851 12856 12857
	}

	# Generic
	names = {
		name = "TRADE_COMPANY_NORTH_INDIA"
	}
}
trade_company_okhotsk = {
	color = { 124 79 255 }

	provinces = {
		14302
		1043 1047 1052	12361 12362 12363 12145
		1041 1044 12198 12199 12143 12144
		1034 12193 12194 12195 12196 12197 12204 12203
		1035 12167 12168 12169 12170 2440 12160 12163 12164 12165 12166
		1038 12154 12155 12156 12157 12158 12159 12150 12151 12152 12153 12162
		1036 1037 12146 12147 12148 12149 12161 1040 2439 12368 12369 12370
		1046 12360 1042 12359 2438 12352 12355 12356 12357 12358
		1039 12354 12364 12365 12366 12367 1045 12353 12350 12351 12349 12342
		12346 12347 12348 12345 8249 8233 8235 8234 8230 8232 8236 8237
		1051 8246 8238 8239 8263 2102 8146 8262 8231 8256 8257 8259 8258
	}

	# Generic
	names = {
		name = "TRADE_COMPANY_OKHOTSK"
	}
}
trade_company_persia = {
	color = { 204 169 131 }

	provinces = {
		414 426 427 428 429 433 2213 2216 2222 4337 4335 4341 413 2209 2210 2217 4171 432 
		9756 9785 9983 9822 9821 9982 9978 9816 9992 9979 9975 9991 4345 9999 2220 9976 9995 9974 9993 9996 9981 9972 2234 9720
		9529 9560 9526 9565 9686 11036 9977 2211 9614 9611 9608 9609 9612 9605 9606 9563 9562 9607 9572 9569 9585 9586 9564 9571
		9566 4329 4330 9567 9559 9558 9568 2218 9561 9616 9610 9980 2215 4338 9549 5098 5169
	}

	# Generic
	names = {
		name = "TRADE_COMPANY_PERSIA"
	}
}
trade_company_philippines = {
	color = { 0 200 150 }

	provinces = {
		2701 2702 4355 #mindanao_area
		652 653 4354 #west_mindanao_area
		654 2700 4351 4352 4353 #visayas_area
		651 655 4356 #palawan_area
		657 658 2698 4348 #luzon_area
		656 2697 2699 4349 4350 #southern_luzon_area
		6609 6610 6611 6612 6613 6614 6615 6616 6620 6621 #sea new
		11561 11562 11566 11567 11563 11564 11565 11560 11570 11572 11569 11568 11573 11574 11575 11576 11571 11681 11682 11683 11684
		11725 11697 11698 11709 11708 11705 11714 11713 11706
	}

	# Generic
	names = {
		name = "TRADE_COMPANY_PHILIPPINES"
	}
}
trade_company_pontus = {
	color = { 115 80 150 }

	provinces = {
		10946 419 422 423 462 1856 2196 2204 4303 3250 3251 4301 3253 420 331 2305 2307 3254 1846 4315 5151 330 5206 3248 2304 
		4302 2306 4296 5332 10298 10299 10287  11008 11017 10974 10986 11011 10987 11018 10996 11020 11037 11055 11039 11056 10959 11026 11054 10964 11038 11016 2203 10963 
		10939 10940 11058 10942 10943 11057 9502 9802 9801 9687 11001
		329 9500 10282 5152 2300 5158 9520 9524 10289 4310 9387 9385 
		5188 5564 5562 5568 5195 5196 5197 7920 7922 7926 7929 7937 7928 10944
	}

	# Generic
	names = {
		name = "TRADE_COMPANY_PONTUS"
	}
}
trade_company_quinam = {
	color = { 60 100 150 }

	provinces = { #41
		8541 6525 605 8540 2377 2376 8539 6524 #8
		2380 8537 6584 6583 8536 #5
		6483 8535 6581 604 6491 #5
		2379 8533 8534 6489 609 6490 #6
		2378 6585 8538 6582 1823 #5
		6555 6529 6554 6496 2375 8542 #5
		1022 6553 6528 #3
		607 2374 606 6552 #4
	}

	names = {
		name = "TRADE_COMPANY_QUINAM"
	}
}
trade_company_siberia = { #Siberia
	color = { 41 82 45 }

	provinces = {
		1074 1071 1270 1272 12191 12192 4690
		1075 1076 1268 1269 1271 1966 3172 
		1080 12232 2427 12231 12222 12223 
		1078 1267 12227 12224 12226
		12244 12230 12243 12249
		2428 2429 2433 1069 12269 12270
		4691 12233 12234 12240 12238 12239
		1073 12210 12235 12236 12237 12229 12228 12213
		2430 12211	1780 1072 12209
		12241 12250 12272 12242 12271
		1308 4687 4688 4689 3184 2434 480
		1068 1070 12245 12246 12247 12248 12262
		2445 12252 12251
		7135 12109 12108 12107 2444
		1064 4686 12263 12264 12300 12301 12182
		8273 8268 8270 8269 
	}

	# Generic
	names = {
		name = "TRADE_COMPANY_SIBERIA"
	}
}
trade_company_sichuan = { #Sichuan
	color = { 100 230 20 }

	provinces = {
		6834 6889 6880 6881 6882 6883 6887 6866 6858 6864 6863 6857 6854 6852 6846 6847 6850 6851 6849 6859
		6860 6861 6862 6868 6869 6871 6873 6874 6875 6876 6878 6838 6839 6840 6841 6842 6843 6844 6845 673 674 4199 679 680 4212 2169 2170 4211 2168 2748 6830 4213
		6865 675 6867 6877 12481
	}

	# Generic
	names = {
		name = "TRADE_COMPANY_SICHUAN"
	}
}
trade_company_south_china = { #Liangguang
	color = { 230 160 80 }

	provinces = {
		6660 6662 6664 6665 6666 6667 6668 6669 6670 6671 6672 6673 6903 6905
		6906 6907 6908 6909 6911 6912 6913 6914 6904 2161 664 665 666 667 668 1840 2156 2157
		2158 2159 2160 2162 2163 2164 6648 6649 6650 6651 6652 6653 6654 6655 6656 6657 6659 10155 10157
	}

	names = {
		name = "TRADE_COMPANY_SOUTH_CHINA"
	}
}
trade_company_sulawesi = {
	color = { 212 180 93 }

	provinces = { # 36
		6512 6511 11711 11367 641 11693 6513 #7
		2716 11371 6605 642 11696 11374 #6
		2715 11380 6515 #3
		643 11379 6607 11362 6516 #5
		11373 11377 6514 6606 #4
		11378 11694 2714 11376 6604 #5
		11375 2713 11695 11551 644 11552 #6
	}

	# Generic
	names = {
		name = "TRADE_COMPANY_SULAWESI"
	}
}
trade_company_sumatra_selatan = {
	color = { 100 150 70 }

	provinces = { #	28
		6503 6504 11760 11758 2677 #5
		6592 622 11759 6471 #4
		623 6594 6595 11750 #4
		2678 11757 2679 #3
		621 2680 6593 11755 #4
		6596 11756 2681 6590 2682 11748 2683 11749 #8
	}

	# Generic
	names = {
		name = "TRADE_COMPANY_SUMATRA_SELATAN"
	}
}
trade_company_sumatra_utara = {
	color = { 200 42 42 }

	provinces = { # 32
		617 11720 2673 2674 2685 11719 11689 #7
		6588 6507 619 6506 #6
		6589 11690 6587 6502 #4
		6505 618 11718 6501 11717 #5
		6532 2684 #5
		620 2675 2676 6591 11761 #5
	}

	# Generic
	names = {
		name = "TRADE_COMPANY_SUMATRA_UTARA"
	}
}
trade_company_tenasserim = {
	color = { 170 115 5 }

	provinces = {
		591 11746 2404 11747 11745 6536 #6
		11744 11743 2390 2391 593 11741 6478 11742 #8
		8521 2387 592 6538 #4
	}

	names = {
		name = "TRADE_COMPANY_TENASSERIM"
	}
}
trade_company_tengir = {
	color = { 204 76 76 }

	provinces = {
		6936 6935 708 4693 4683 4684 3022 3024 3023 3029 3025 3030 3026 3027 3078 3067 3103 3105 3109 3106 3107 3116 3131 3125 9674 9473 3016
		2118 714 2119 713 715 4208 2122 4206 4207 2123 2192 2121 712 711 710 4209 2124 739 4210 2127 3020 9490 9489 3017 3021 9467 707
		6837 6836 6835 6833 6832 2182 2353 8227 7978 8228 8229 8157 709 4676 2191
		3037 3043 3044 3047 3050 3046 3054 3055 3056 3057 3061 2120 3132 3059 3143 3144 3147 3150 3130 3145 12399 12374 12376 12378 12382
	}

	names = {
		name = "TRADE_COMPANY_TENGIR"
	}
}
trade_company_tibet = { #Tibet
	color = { 177  207  205 }

	provinces = {
		677 4518 4519 12432 12433 12431
		2128 4516 4520 12400 12401 12402 12403
		676 4514 4515 12407 12408 12411 12415 12413 12412 12409
		706 4204 6937 6938 12457 12456
		2131 12447 12449 12448 2132 12446 12404 12405 12406 12410 12414
		4205 12434 12435 12436 12437 12443 12442 12444 12445 4517 12417
		12418 12419 12420 12421 12422 12423 12424 12425 2130 12439 12438
		12441 12440 12450 2135 12478 12474 12477 12473 12476 678 6900 12472
		12468 12479 12469 12467 12458 12487 12461 12459 12460 12462 12493
		12491 705 12451 12452 12453 12454 12455 2133 12463 12480 12464 12465
		12466 2170 6850 6851 12483 12485 12484 12482 12475 12486 2134 2184
		12497 12496 12498 12488 12489 12490 12492 565 4481 12426 12427 12428
		12429 12430
	}

	# Generic
	names = {
		name = "TRADE_COMPANY_TIBET"
	}
}
trade_company_upper_indus = {
	color = { 95 139 214 } #Multan blue

	provinces = {
		4510 4511 12516 12550 #chaj
		2075 12809 12812 12920 #bist
		2079 12531 12545 12510 #derajat
		2086 4508 12534 12535 #cholistan_area
		2078 9658 12543 12544 12546 #pashtunistan_area
		2077 4509 12523 12525 12526 12527 12528 12529 12395 #sind_sagar_area
		2076 12517 12518 12519 12520 12521 12522  #Rachna
		506 507 4513 12532 12533 12810 12811  #Bari
		9655 9656 9657 9651 9642 9653 #Loya Paktia
		578 12538 12539 12540 12541 12542 12396 12537 #Gandhara
		510 4411 4463 12806 12807 12819 12817 12818 12816 12808 #sirhind
		509 4493 12973 12921 12922 12923 12919 12918 12998
		4449 12564 12553 12563 12551 #jammu_area
		2074 12571 12572 12570 12569 12416 12377 #ladakh_area
		4521 12559 12568 12558 12562 12381 #baltistan_area
		2073 12566 12567 12556 12557 12555 12560 12397 12394 #gilgit_area
		512 2066 4507 12597 12598 12600 #jangladesh_area #Bagar
		508 12554 12552 12561 12565 12549 #kashmir_area
	}

	# Generic
	names = {
		name = "TRADE_COMPANY_UPPER_INDUS"
	}
}
trade_company_vietnam = {
	color = { 230 0 0 }

	provinces = {
		1016 2373 6494 610 613 6497 2371 6548 6556 6557 6493 616 6492
		6558 6559 2372 8529 8530 8531
	}

	# Specific
	# Generic
	names = {
		name = "TRADE_COMPANY_VIETNAM"
	}
}
trade_company_vindhya = {
	color = { 241 13 61 }

	provinces = {
		526 2093 4461 12732 12730 12728 12733 12759 12760 12761 1310
		518 2058 2087 4501 4462 12596 12601 12592 12591 12590
		519 520 2064 4500 12814 12599 12588 12595 12589
		525 559 740 12753 12754 12755 12756 12757 12758 12829
		2082 4452 12793 12792 12797 12974 12796 2098 12799 12798
		12739 12741 12742 12743 12744
		553 4451 12770 12773 12782 12783
		4450 12769 12765 12764 12768 12767 12766 12771 12772
		560 4470 2096 12860 12861 12863 12864 12865 12859 12862
		2097 4468 12843 12844 12845 12794 12795 1317
		2059 12832 4466 12828 12750 12751 12749 12752
		12748 12747 12763 12762 2057 4459
		4467 12746 12745 550 551
		2092 12737 12738 12736 12740 4458 12735
		4465 528 4464 12593 12594
		527 12729 12731 12734 4460
		4434 4453 2036 12619 12620 12574
	}

	# Generic
	names = {
		name = "TRADE_COMPANY_VINDHYA"
	}
}
trade_company_west_india = {
	color = { 135 104 85 }

	provinces = {
		503 2197 3004 3010 3011 3012
		515 521 2052 4454 4456 12585 12583 12580 12581 12582
		2053 4480 12577 12579 12584  #Saraswati
		516 2051 2054 4512 4457 12576 12575 2056 12578  #Cambaya
		4430 4455 12904 12573 12587 517 12586 #Damania
		504 2088 3007 4503 4504 12501 12502 12505 12506  #Lar
		505 2072 4505 12500 12503 12504 12509  #Sirra
		2231 9583 9576 12512 12513 12515 #Hingul
		575 9574 9575 9578 9582 9581 9579 #Makran
		576 9641 9580 2232 9577 577 9659 #Baluchistan
		513 4506 12507 12508 12604 12605  #Thar
		2068 9652 9662 12511 #kacchi_area
		514 2067 4502 12602 12603 #marwar
		12200 12206 12207 12180 12176 12179 12177 12175 12178 12174 12201 12202
	}

	# Generic
	names = {
		trigger = {
			OR = {
				tag = GBR
				tag = ENG
			}
			primary_culture = english
		}
		name = "TRADE_COMPANY_INDIA_British_trade_company_south_india"
	}
	names = {
		name = "TRADE_COMPANY_WEST_INDIA"
	}
}
trade_company_xorasan = { #Xorasan
	color = { 204 119 31 }

	provinces = {
		2221 2236 4326 2235 2350 437 2214 9973 446 4324 9440 9441 9442 2224 9631 9635 9632 9664 445 9416 9436 9447 9448 9437 9439 9443 4325 
		9630 449 2225 9665 9645 9666 9668 9667 9644 9643 447 9639 9647 448 9661 9660 
		9601 9591 9598 9587 9584 9534 9595 9588 9596 9570 9597 9438 9445 9450 9449 9538 9401 9533 9400 436 4334 4336 9594 9602 9599 9593 9590 
		9592 9589 435 2229 2230 9600 9634 9633 9638 450 2228 9444 9446 9636 9663 9637 12514 12547 12548 12524
		2227 9478 9453 9671 9455 9452 9451 452 9673 9672 9469 3018 9456 9472 9457 9650 9670 9649 451 2226 9648 9640 9454 9646 9654 9669 9548 4169
		12530 12536 12398 12393
	}

	# Generic
	names = {
		name = "TRADE_COMPANY_XORASAN"
	}
}
trade_company_yangtze = { #Yangtze
	color = { 50 200 180 }

	provinces = {
		6856 6870 6872 6886 682 4197 681 2172 672 671 2173 2174 683 2151 1833 670 6679 6680 6681 6682 6683 6684 6685 6686 6687 6688 6689 6690 6691 6692 6693 6694 6695 6696 6697 6698 6699 6700 6701 6702 6703 6704 6705 6706 6707 6708 6711 6910 6918
		6884 6661 6786 6816 6788 6797 2153 6879 6677 2152 6676 6658 6916 6915
		2146 2147 6720 6724 6723 6855 6811
		686 1838 6722 6725
		2171 6853 6710
	}

	# Generic
	names = {
		name = "TRADE_COMPANY_YANGTZE"
	}
}
trade_company_yenisei = { #Yenisei
	color = { 179 152 79 }

	provinces = {
		1060 12340 8213 8251 8200 8198 8197 8199 8252
		1055 8214 8218 8219 8215 8244 8242 8243 2446
		2435 1054 8240 8264 8248 8241 8176 8265 2442 8247
		12334 12335 12337 12336 12338 12339 12325
		12324 1062 12330 12332 12333 12319 12322 12323 12318 12321 12320
		12326 12327 12329 1059 12341 1061 8260 8253 
		2431 2436 2437 8266 8254 8255 12328 8250
		12343 12344 12255 12256 12254 12258 12257
		12265 12282 12281 12280 12283 12285
		1067 8272 8271 8267 12253 12260
		12259 12273 12274 12275 12276 12277 12278 12279 
		12297 12294 12284 12298 12302
		2432 12267 12266 12268 12295 12296 12299
	}

	# Generic
	names = {
		name = "TRADE_COMPANY_YENISEI"
	}
}
trade_company_yungui = { #Yungui
	color = { 135 150 0 }

	provinces = {
		662 663 2165 6885 6888 6890 6891 6892 6893 #yun_gui_area
		661 2167 6894 6896 6897 6898 6901 #yun_gui_borderland_area
		660 2166 6454 6899 6895 #koshanpye_area
		8490 12470 12471
	}

	# Generic
	names = {
		name = "TRADE_COMPANY_YUNGUI"
	}
}

###	EUROPE	###
trade_company_adriatic = {
	color = { 54 167 156 }

	provinces = {
		13183 106 107 108 109 110 111 112 113 114 130 1769 1774 2977 4730 4739 4738 3294 7025 7028 7029 7031 7032 7033 7034 7035 7068 7076 
		4729 7081 7082 7083 7084 7085 7086 7087 7088 7089 7090 7091 7092 7093 7094 7096 7098 
		119 7026 7027 7030 7037 4758 10499
		4752 3191 1826 4753 136 137 4754 3182 
		7734 7735 7733 7732 7731 7730 7723 139 7721 7708 1831 138 10137 7729 7725 7761 7762 5094 7144 4175 10150 10945 10148 4174 7121 10179
		10163 10164 10621 10692 10671 10672 10693 10694 10695 10696 10697 10615
	}

	# Generic
	names = {
		name = "TRADE_COMPANY_ADRIATIC"
	}
}
trade_company_aegean = {
	color = { 30 211 232 }

	provinces = {
		145 146 147 148 163 164 318 319 320 1773 1853 2297 2348 3001 3003 4703 4702 4700 3174 4699 3177 4701 3179 3180 4780 3195 4309 5134 
		7100 7101 7102 7104 7106 7107 7108 7109 7110 7111 7112 7113 7114 7115 7117 7118 7120 7122 7123 7124 7127 7128 7142 7145 7146 7147 
		7148 7163 10125 10126 10127 10128 10129 10130 10131 10132 10134 10135 10133
		142 7132 7140 7141 7133 144 7131 4698 7125 7126 4750 143 7143 10151 10149 
		10283 10278 10296 10294 10295 10292 7119 10677 9515 5131 10269 10255 10257 10635 10636 10642 10646 10647 10649 10651 10654 10617
	}

	# Generic
	names = {
		name = "TRADE_COMPANY_AEGEAN"
	}
}
trade_company_baltic = {
	color = { 8 82 165 }

	provinces = {
		13012
		2 3 3120 4166 25 3121 7790 7792 7793
		1 1930 1985 3122 3123 10495 10193 10194
		4 8 7794 7863 10169
		9 3124 7797 7798 7796 10
		11 7799 10301 10303 10496
		18 4114 10489 10490 10491
		28 7807 10197 10198 
		29 31 7803 7804 7805 12014
		27 3128 4123 10196
		19 4113 7801 10487 10497 10195 10488 7800
		7802 4152 7864 10396 10438 4151
		35 36 1842 3230 3231 7853 7855 7856 7857 10199
		1834 3229 7850 7851 7852 12111
		38 4241 7843 7844 7845 7848 7849
		39 3227 6395 6396 7838 7839 7840 7854
		1935 3293 6307 6342 6381 7841
		41 42 6343 7833 7834 7862
		37 273 7846 7847
		40 3224 6304 7835 7836 7837 
		767 7830 7831 7832 2958
		3226 6321 6329 6378	6379 6380 7212 7859 7860
		270 6383 6385 6386 3225 6359 7211
		271 272 1936 4534 4535 6344 6382 7213 7861 7210
		275 7214 7215 7858 7216 7218 770 7219
	}

	# Generic
	names = {
		name = "TRADE_COMPANY_BALTIC"
	}
}
trade_company_biscay = {
	color = { 36 132 247 }

	provinces = {
		209 10028 10029 10030 210 10124 10032 10033 7923 176 7921 10638 175 173 7924 3081 3083 10633
		7925 174 7927 10637 7930 194 7931 195 10630 4387 7932 4111 7933 180 7934 10626 4697 7935 3077 10628 4386 7991 7990
		178 177 7988 7989 7993 7992 172 8013 7996 4384 7994 7995 169 7997 171 7998 7999 3068 170 10162 10611 10613
		7919
	}

	# Generic
	names = {
		name = "TRADE_COMPANY_BISCAY"
	}
}
trade_company_bosporus = {
	color = { 126 203 120 }

	provinces = {
		5172 149 151 316 317 322 323 4307 325 326 328 1764 1848 2296 2299 2750 3168 3169 3170 4705 5130 5163 5150 4308 4314 5165 5164 4312 4313 5137 5167 5168 5171 5157 4311 5155 5156 7130 
		7134 4779 7136 7137 7138 7139 7149 7150 7151 7152 7155 7156 10156
		10297 10276 10274 10291 10275 10277 10272 10271 10270 10261 10256 10258 10253 10254 10262 10263 10260 10273 10265 10266 10268 10267 10290 10259 10252 10264 10250 10251 9803 
		9517 9518 9521 9522 9523 
		324 10248 5146 2301 9743 7129 10652 10653 4177 5191 7968
	}

	# Generic
	names = {
		name = "TRADE_COMPANY_BOSPORUS"
	}
}
trade_company_champagne = {
	color = { 145 30 70 }

	provinces = {
		183 7962 10608 7963 182 7956 10612 186 3070 7977 1743 7976 91 4390 3071 181 8022 1866 93 8025 8027 94 3066 8023 7948 4766 10656 187 7947 7946 189 
		10650 7949 188 7950 10616 7955 10657 10669 7951 192 7938 8028 191 185 7959 10609 7960 184 4388 7981 7980 10664 4776 7979 179 4389 7936 10624 
		10606 10607 10610
	}

	# Generic
	names = {
		name = "TRADE_COMPANY_CHAMPAGNE"
	}
}
trade_company_channel = {
	color = { 220 138 57 }

	provinces = {
		234 235 236 237 238 87 88 90 92 95 96 97 98 99 1744 1865 1879 89 167 168 4370 3028 
		4371 4374 3058 4381 3060 4770 4383 3064 4769 3073 4385 3110 	
		8020 10506 8018 10509 10511 10512 10513 8120 7954 8032 8021 7975 7969 7965 7966 7967 7971 
		10358 10375 10356 10370 10371 10374 10364 10383 10382 10365 10376 10357 10385
		7970 7972 7982 7983 7984 7986 7985 7987 
		8017 8019 10182 10183 10184
		10180 1860 10354 239 10384 10380 4130 4373 233 10378 10381 10377 12999
	}

	# Generic
	names = {
		name = "TRADE_COMPANY_CHANNEL"
	}
}
trade_company_dniepr = {
	color = { 81 123 210 }

	provinces = {
		280 289 2407 5435 7242 7237 7250
		1944 3242 5444 5445 5450 7239 7259
		290 4542 7255 7256 5434 5436 7257 7252
		283 3243 7196 7198 7251 5432 5437 5438 5439 5442
		1974 5234 5440 5441 7194 7197 10211
		1942 4247 5227 5446 7228 7246
		1941 7232 7245 7233 7241 278
		7230 7223 4536 1937 4537 6357 7224 7226
		276 4544 4545 6397 7220 7221 7225 7231
		4115 7234 7235 7236 7240 4246 7238 7229
		292 771 4242 7217 7222 7227
		1945 3246 7249 7248 5242 5247 5248 5252
		293 3271 3301 4245 5684 5685 7881 12074
		297 3270 4244 7882 5670 12225
	}

	# Generic
	names = {
		name = "TRADE_COMPANY_DNIEPR"
	}
}
trade_company_dniestr = {
	color = { 155 100 10 }

	provinces = {
		2961 6363 6368 6370 6371 6372
		261 4541 6365 6366 7270 7273
		3156 7274 7275 10619 10620
		268 3157 4529 4530 7276 10205 10206
		1756 7278 10209 10618 7964
		282 7195 7279 10210 5237 5451 5449 7209
		1943 3241 4540 5447 5448 7199 7206
		2405 3159 5230 7277 10204 10412
		281 3239 7208 7254 7271 7272
		279 7268 7253 2962 3238 7207 7244 4539
		1940 4538 6358 6362 6364 7243 7266
	}

	# Generic
	names = {
		name = "TRADE_COMPANY_DNIESTR"
	}
}
trade_company_don = {
	color = { 59 158 125 }

	provinces = {
		284 285 286 287 463 2195 2410 2412 2413 2414 2447 3244 3245 3302 7190 7191 7192 7193 7200 7201 7202 7203 7204 
		468 11007 10998 11002 11000 10983 10966 10984 11006 11004 11021 10975 10947 10949 		
		299 467 2409 3291 3266 5671 7205 3247 7258 291 3267
		302 2408 3268 5668 298 4543 10039 9386 9384 9383 5090 5095 5096
		5339 5240 5245 5269 5292 5294 5299 5305 5308 5335 5336 5337 5338 5429 5430 5431 5433 5443 2415 3265
		288 11024 5216 5217 5207 5204 5200 5199 4136 4328 4347 12092 5571 5828
	}

	# Generic
	names = {
		name = "TRADE_COMPANY_DON"
	}
}
trade_company_dvina = {
	color = { 210 230 250 }

	provinces = {
		13056 313 1776 1777 1955 1958 2425 3282 3284 3285 4122 4257 4258 5648 5649 5650 5673 5674 5675 5677 5678 			
		4129 4256 4259 5652 
		7865 7866 10394 10393 10395 
		10492 10493 10494 10399 10398 10397 12205 12212 12261
		12011 12012 12028 12029 12030 12031 12032 12033 12034 12035 12036 12037 12038 12042 12043 
	}

	# Generic
	names = {
		name = "TRADE_COMPANY_DVINA"
	}
}
trade_company_elbe = {
	color = { 1  49  83 }

	provinces = {
		57 62 63 60 61 266 267 1759 1763 1771 52 58 59 2964 2965 2967 2969 2970 4716 4743 4741 4773 50 51 4786 10482 10484 10485
		10478 4744 4742 10539 10540 10547 10556 10557 10558 4778 10561 10565 10567 4748 10569 10570 10588 10593 4724 10479 10486 4725 2968
		10566 7810 53 44 7777 7776 4141 10572 4771 1874 54 4772 1758 10524 2971 55 10523
		10688 7181 7171 7170 7179 7169 10548 10560 10568 10551 10574
		2966 4238 6301 6303 6387 6388 10464 10466 10690
		264 6306 6308 6316 10465 10467 10470 10471 10477
		4723 6311 6312 6314 6317 10458 10469
		263 3142 6309 6310 6313 6315 10463 10468 6302
	}

	# Generic
	names = {
		name = "TRADE_COMPANY_ELBE"
	}
}
trade_company_hispania = {
	color = { 193 171 8 }

	provinces = {
		211 214 220 1750 2990 4550 4557 4549 8088
		10055 10056 10057 10058 10059 10060 10061 10062 10064 10065 10071
		217 219 221 222 223 224 225 226 1748 1749 2751 2754 4547 4546 4548 215 1746 2755 2989 4551 4552
		10005 10000 8082 10001 8079 10006 10008 8083 8084 8085 8086 10018 10012 8066 10013 8065 8054 8056 8053 8071 8070 10010
		8069 8087 8057 8064 8059 8058 8055 10037 8052 8047 10041 10042 8121 10009 8074 10007 10011 10022 8036 10021 10025 4789 10024 10027 8034
		4560 333 4559 6392 6390
	}

	# Generic
	names = {
		name = "TRADE_COMPANY_ELBE"
	}
}
trade_company_liguria = {
	color = { 218 215 56 }

	provinces = {
		101 102 103 1875 105 1247 2979 2980 2981 2992 3042 4728 4727 3045 5092 104 1862 4740 7038 7040 7045
		7048 7052 7053 7054 7055 7056 7057 7058 7059 7060 7061 7062 7063 7064 7065 7066 7067 7070 7071 7072 7074 7075 7078 7079 7080
		4157 5118
		115 116 117 7051 2978 3040 7039 7041 7042 7043 7044 7046 7047 7049 7050 10036 10144	#Tuscany
		7165 7166 10622
	}

	# Generic
	names = {
		name = "TRADE_COMPANY_LIGURIA"
	}
}
trade_company_lower_danube = {
	color = { 189 100 102 }

	provinces = {
		141 150 156 159 160 161 1954 2746 2998 3000 3160 4531 4532 4706 3164 4704 3185 4755 4239 3165 4173 4176 1765 7154 7157 7158 7159  
		1828 3193 3194 140 3002 1827 1766 
		7746 7727 7728 7726 7741 7722 7709 7710 7701 7700 7712 7702 7717 7724 4757 7711 7704 7703 7705 7714 7715 7707 7706 7745 7743 7744 7748 7750 7749 7751 7752 7753 7754 
		7755 7756 7757 7765 7759 7758 4126 7739 10208
		4756 7738 1767 10448 10455 10452 4128 10449 10450 10668  10644 10655 10658 10659 
	}

	# Generic
	names = {
		name = "TRADE_COMPANY_LOWER_DANUBE"
	}
}
trade_company_lower_volga = {
	color = { 193  179  127 }

	provinces = {
		464 465 466 469 474 1971 2198 2201 2208 2365 2367 2416 2417 2418 3263 3264 3262 10950 10951 470 1263 7814 7077 2366 7010 5865
		11022 10994 11012 10985 10995 11010 11023 10992 10997 11009 10969 10970 10977 10981 10978 10967 10979 10980 11025 11005 10968 10976 10982 3155 303
		10999 11003 5254 5238 5262 5257 5258 5260 5265 5268 5270 5275 5276 5291 11014 5214 5215 5208 5209 5198 4170 5829 7953 5842 5831 7916 7000 5904 7915 7822 7269 7958
	}

	# Generic
	names = {
		name = "TRADE_COMPANY_LOWER_VOLGA"
	}
}
trade_company_lusitania = {
	color = { 57 160 101 }

	provinces = {
		206 207 208 216 228 229 230 231 232 1851 4553 4554 4555 3104 4556 227 4787 4150 3108 4558
		8107 8106 10053 8105 10063 8101  8103 8100 8097 10047 10046 10045 8094 8095 8093 8092 8091 8090 10035 10031 8041 8040 10016 10017 10019 10020 10015 10014 8039 8038 8037 8035 8102 
		1745 10023 4788 10043 8061 1747 8060 3099 10044 8062 218 8063
		368 367 10078 10080 10079
	}

	# Generic
	names = {
		name = "TRADE_COMPANY_LUSITANIA"
	}
}
trade_company_neva = {
	color = { 49  185  191 }

	provinces = {
		30 32 33 34 274 310 311 1959 1960 1961 2749 3273 4260 5642 5643 5645 5653 5654 5644 5646 7806 7808 7870 7867 7868 7869 
		7871 7872 7873 7874 7875 7876 7877 7879 4261 4148 4243 5661 7880 5660 309 5647 
		10304 12013 12015 12016 12017 4124 12018 12019 12024 12026 12112
	}

	# Generic
	names = {
		name = "TRADE_COMPANY_NEVA"
	}
}
trade_company_north_sea = {
	color = { 114 192 212 }

	provinces = {
		1975 20 21 23 24 243 4367 246 248 250 251 252 253 369 370 371 1978 1979 2752 1861 4110 4361 4368 245 3114 3115 3118 3119 3137 3138 3139 4364 5591 5126 4146  4145 7785 7786 7787 7788 7789 7772 7782 7809 7747 
		17 22 4144 3117 4143 7780 7781 7783 7784 4376 
		10353 10367 10351 4785 10363 10350 10355 10360 10362 10361 
		1804 10347 10348 10346 10342 10341 10340 10339 10338 10315 10314
		10310 10311 10312 10168 10170 10173 10174 10175 10176 10177 10185 10186 10187 10188 10189 10190 10191 8149
		240 241 242 244 247 249 372 373 374 4118 376 4380 3005 3006 4379 3009 4377 375 3014 4365 4363 3019 4362 4375 4366 3034 4369 3036 4121 4378 4119 4120 4372 3008
		10345 10313 10307 10308 10309
		10352 10366 10372 10379 10373 10368 10369 10349 10343 10344 10316 10317 10318 10319 10320 10321 10322	10323 10324 10325 10326 10327 10328 10329 10330 
		10331 10332 10333 10334 10335 10336 10337 10386 10387 10388 10389 10390 10391 10392 10178 8154
		100 8119 10685 4382 8118 10686 10687 1931 10598 315 10302 10300
	}

	# Generic
	names = {
		name = "TRADE_COMPANY_NORTH_SEA"
	}
}
trade_company_oresund = {
	color = { 185 18 27 }

	provinces = {
		5 6 7 12 13 14 15 16 26 45 46 47 1775 1857 48 1858 1932 1982 1981 1983 1984 2994 2996 3134 3135 
		4749 4165 4163 4164 4142 4149 7766 7767 7768 7769 7770 7771 7773 7774 7775 7778 7779 7791 7795 
		7811 7812 7813 4745 7815 7816 7817 7818 7819 4746 7823 7842
		4747 7821 49 2993 10498 2995 7824
		10528 10527 10544 10192 10167
		6393 7897 7900 7902 7903 7904
	}

	# Generic
	names = {
		name = "TRADE_COMPANY_ORESUND"
	}
}
trade_company_rheinland = {
	color = { 204 50 10 }

	provinces = {
		56 70 74 77 78 79 80 81 82 83 84 85 86 1742 1760 1761 1762 1876 1878 2972 2973 2975 4768 10563 3199 3200 3201 10555 3203 10581 3207 4718 3209 4774 3292 2974 3063 
		10505 10520 10521 10522 10554 4775 10559 10562 4767 10564 10589 10590 10536 10537 10538 10550 4714 10577 10543 10546 10597 10580 10573
		10595 10601 66 67 71 4717 4715 7944 7913
	}

	# Generic
	names = {
		name = "TRADE_COMPANY_RHEINLAND"
	}
}
trade_company_rhone = {
	color = { 36 182 120 }

	provinces = {
		203 7890 7891 10675 7892 10093 10092 10084 1871 4721 10090 1867 4720 4719 205 204 10648 2991 7893 4696 201 7894 202 3089 7910 10670 
		10583 3085 200 10643 2753 4695 4694 196 10645 7901 7907 4112 7905 198 7898 7906 4391 7899 7908 7909 10640 10641 3087 7911 4777 7914 10639 199 190
		10625 1877 4392 7940 7941 8029 193 4764 8030 10673
		6391 6389
		197 8114 212 10073 10072 213 10069 2988 10070 10068 7889 10181 2987
	}

	# Generic
	names = {
		name = "TRADE_COMPANY_RHONE"
	}
}
trade_company_swabia = {
	color = { 240 230 140 }

	provinces = {
		10081 10082 165 10083 10087 10085 166 1869 10091 10088 1870 4722 1873 10089 4712 
		3204 10576 10549 10579 69 10575 4710 10578 68 10545 1868 10585 73 2955 10571 1872 4711 10582
		65 10533 76 4707 4708 10542 4760 4709 10541 2956 2957 10586 1757 10584 64 4713
		72 75 10594 10605 10552 10553 1880 7942 4765
		7261 7265 7184 7260 7186 7185 7187 10203 10202 10201 10200
	}

	# Generic
	names = {
		name = "TRADE_COMPANY_SWABIA"
	}
}
trade_company_tyrrhenia = {
	color = { 137 45 176 }

	provinces = {
		118 121 123 124 125 126 127 1934 2976 2982 2983 2984 2986 4734 3039 4732 4735 5091 4736 7001 7002 7003 7004 7008 7009 
		7012 7016 7017 7018 7019 7020 7021 7022 4731 7024 7036 7095 7097 7099
		7005 7006 122 1933 7007 2985 7011 4733 7013 7015 120 7014 10146 10425
		10002 10003 10004 7073 7160 7161 7164 7069 7116 7153 10171 10172 10165 10166 4737 10591 10592 10596 
		10600 10602 10603 10604 10691 10698 10623 10627 10629 10631 10632 10634 3390
	}

	# Generic
	names = {
		name = "TRADE_COMPANY_SWABIA"
	}
}
trade_company_upper_danube = {
	color = { 220 220 220 }

	provinces = {
		128 129 132 133 134 135 265 1768 1770 1772 1863 7763 3051 4762 4237 3151 4726 7760 7764 4751 10422 10423 10460 10480 10481 10483 10530 10531 4759 4761  
		131 7737 7736 152 7718 10434 10420 10421 1864 10411 10424 10414 4236 10459 154 10415 10416 7740 153 10419 10426 4125 10427 10429 10417 1318 
		10413 162 10428 3148 10431 10418 10432 155 10453 10430 1953 157 10433 3152 1952 10454 1951 10456 3154 
		158 10457 10451 4127 10476 4240 3146 10402 10403 10404 10405 10406 10407 10408 10409 10410
		7167 7172 7173 7174 7175 7176 7177 7178 7180 7182 7183 7188 7189 7103 10207 6322 6318 7162
	}

	# Generic
	names = {
		name = "TRADE_COMPANY_UPPER_DANUBE"
	}
}
trade_company_upper_volga = {
	color = { 97  102  135 }

	provinces = {
		304 305 473 475 1077 1079 1081 1082 1083 1962 1965 1972 2420 2421 2422 2423 1963 3280 3281 4264 4265 4266 4267 5676 1964 5672 
		12048 12049 12050 12051 12052 12053 12054 12058 12059 12060 12061 12062 12063 12064 12065 12066 12070 12071 12072 12073 12085 12086 12087 12088 12089 12090 12091 12093
		12094 12095 12096 12099 12100 12101 12102 12103 12104 12105 12106 12110 2441 2419 5201 5202 1266 4172 7716 7023 12331
	}

	# Generic
	names = {
		name = "TRADE_COMPANY_UPPER_VOLGA"
	}
}
trade_company_vistula = {
	color = { 176  81  111 }

	provinces = {
		257 1938 6350 6352 7264 10440 10443 10444 10447
		1841 1859 6337 6338 7829 10599
		256 4525 6346 6348 10446 
		4524 4528 4523 6336 6347 
		43 2997 5097 6339 6340 7825 7826 7827 7828
		255 4526 6305 6327 6328 6331 6375 10442 10445
		254 2963 6330 6332 6333 6334 6374 10461 10462
		258 1939 4533 6335 6351 10441
		262 2960 3220 6319 6320 6323 6324 6325 7168 10437 
		259 3221 4527 6341 6360 6376 6377 10435 10436
		2424 2959 6326 6367 6369 7267 7896 
		260 6354 6355 6356 6361 6373 10439
		269 3223 6349 6353 6384 6394 6398 7262 7263 277
	}

	# Generic
	names = {
		name = "TRADE_COMPANY_VISTULA"
	}
}
trade_company_zalesye = {
	color = { 96 131 80 }

	provinces = {
		294 295 306 307 308 312 1753 1754 1956 1752 4117 3276 3277 3278 3279 3290 4147 4248 4249 4250 4251 4252 4253 4254 5657 5659 5658 5651 5665 5683 5656 301 7878 5682 5669 
		314 1755 1778 1957 4262 4263 5655
		4116 5666 5667 5663 5664 5680 296 5681 5679 4255 300
		12021 12022 12023 12025 12027 12039 12040 12041 12044 12045 12046 12047 12055 12056 12057 12075 12076 12077 12078 12079 12080 12081 12082 12083 12084
		12097 12098 12221 5662
	}

	# Generic
	names = {
		name = "TRADE_COMPANY_ZALESYE"
	}
}

###	OCEANIA	###
trade_company_micronesia = {
	color = { 244 232 66 }

	provinces = {
		11463 11489 11512 11537 11538 #ralik_area
		1993 11539 11540 11541 11542 #ratak_area
		11407 11450 11408 11448 # yap_area
		1995 11409 11486 11410 11411 # chuuk_area
		1996 11508 #palau area
		1235 11412 #guam_area
		1992 11462 11497 11495 1991 11496
	}

	# Generic
	names = {
		name = "TRADE_COMPANY_MICRONESIA"
	}
}
trade_company_melanesia = {
	color = { 0 240 0 }

	provinces = {
		1236 11401 11468 11454 11455 #melanesia_area
		11402 11487 11403 11457 11404 1238 11488 11405 #solomon_area
		11406 11413 11414 11491 11415 11490 11416 1239 #vanuatu_area
		11418 1986 11417 #loyalty_islands_area
		1242 11419 11459 #fiji_area
		11421 11493 11461 #vanua_levu_area
		11460 11492 11420 #kadavu_area
		11544 11543
		11597 11598 11599 11600 11601 11602 11603 11604 11605 11675 11607 11608 11609 11610 11611 11612 11613 11614 11615 11616 11617 11618
		11629 11631 11633 11635 11636 11637 11638 11639
		11679 11634 11606 11674
		11701 11482 11456 11483
	}

	# Generic
	names = {
		name = "TRADE_COMPANY_MELANESIA"
	}
}
trade_company_papua = {
	color = { 20 80 75 }

	provinces = {
		1237 11471 11458 11523 #papua_area
		1245 11514 11515 11516 #vogelkop_area
		11481 11531 11470 #milne_bay_area
		2720 11469 11522 #morobe_area
		2719 11480 11519 11520 11521 #madang_area
		11451 11528 #cenderawasih_area
		2718 11532 11534 11476 11533 #irian_jaya_area
		11472 11527 11529 2722 #fly_area
		11525 2721 11526 11524 11530 #gulf_of_papua_area
		11518 11479 11453 11484 #sepik_area
		2723 11473 11474 11475 2724 #asmat_area
		11452 11478 11477 11517	#jayapura_area
		11658 11650 11677 11676 11653 11678 11648 11667 11647 11643 11663 11655 11652 11660 11654 11651 11659
		11665 11649 11656 11645 11646 11642 11644 11673 11666 11657 11640 11641 11700 11680
		11510 11511 11546 11513
		11632 11094 11099 11096 11098 11093 11097 11095 11703 11704 11091 11702
	}

	# Generic
	names = {
		name = "TRADE_COMPANY_PAPUA"
	}
}
trade_company_polynesia = {
	color = { 250 140 240 }

	provinces = {
		11433 11434 11435 11436 #tahiti_area
		11441 1987 11442 11443 11444 #northern_polynesia_area
		5025 11507 11465 11506 11439 #eastern_polynesia_area
		5026 11447 11445 #tuamotus_area
		1988 11438 #rapa_area
		1989 11425 11424 11427 11423 #tonga_area
		1243 11428 11429 #samoa_area
		11430 11449 11422 11494 1990 #polynesia_area
		5024 1244 11467 #cook_islands_area
		11505 11504 11437 11426 #tubuai_area
		1997 5023 1241 #mid_pacific_area
		11498 1240 11431 11432 11536 #hawaii_area
		11464 5029 5818 11499 5817 #hawaii_islands_area
		#NEW
		11621 11466 11545 11624 11625
		11626 11628 11627 11622 11707 1994 11623
	}

	# Generic
	names = {
		name = "TRADE_COMPANY_POLYNESIA"
	}
}