#AMYZONIS - MANY REWORKS DONE HERE - TROPICAL, ARID, ARCTIC CLEANED OUT DUE TO CLIMATE REWORK ON PROVINCE-BY-PROVINCES BASIS

#PROBABLY WILL BE USED FOR COLONIAL LOCKING OR SOFT WASTELANDS
tropical = {
}

arid = {

}
arctic = {
	3115 10173 #iceland
	4992 4993 4994 4995 4996 4997 4998 5006 5007 2574 5595 5596 #canada
	5588 5589 5590 1104 3113 3111 #greenland
	2025 5093#south ocean
	1105 2129 3112 4151
	4969 4970 4971 4976 4990 4991 5069 5071 5075 5076 1811
	5591 1805 2425 3285 1072 5678
	5650 1777 2439 1036 5594
	10176 10174 10175 3114 #iceland
	5592 5593 5014 5015 5070 1812 5072 5073 5074
	2440 1037 1038
	4978 4980 4985 4977 5077
	5081 5082 5080 8012 8011 5067 5912
	8004 4968 8003 4924 5919 5917 5916 4999 998
	10494 10493 10492 4257 10302 10395 5021
	1095 4839 4832 4834 782 4831
}

#SEASONAL CHANGES BELOW + WASTELANDS
#Generally places where snow is not unusual, but not guaranteed in a year and average winter temps is below 10, but above 0
mild_winter = {
	6 12 13 14 15 26 1981 1982 1983 1984 44 4771 55 1775 1931 1874 87 88 89 90 91	92 93 94 95 96 97 98 99 100 1742 1743 1744 1866 1865 1878
	2973 2974 2975 167 168 4384 170 171 172 173 174 175 177 178 179 180 181 182 183 184 185 186 187 188 189 190 191 192 193 194 195 196
	198 206 207 209 1745 104 107 108 111 1769 1862 233 234 235 236 237 238 239 240 241 242 243 244 4367 1860
	1861 247 249 139 141 150 152 1765 1766 2746 159 282 283 284 285 286 287 1764 2406 2410 2411 2412 2413 2414 2447 322
	1846 5295 413 415 417 418 421 424 425 426 427 428 429 432 433 436 446 577 437 438 439
	440 441 442 443 454 455 457 456 464 468 2349 2356 2362 2363 2370 2416 2417 2350 678 689 693 695 696 697 698 699 700 701 703 704
	708 709 713 715 726 1816 1850 2106 2112 2120 2131 2132 2133 2135 2136 2138 2170 2177 2179 2180 2181 2182 2184 508 2069
	872 891 892 896 918 934 935 936 937 941 1012 1017 1018 1023 1024 1818 1830 1831 1837 1786 1774
	131 1828 1827 1974 1973 1970 1969 1879 1877 3000 2199 2206 2207 2208 2210 2211 2212 2213 2214 2216 2217 2218 2222
	2234 2236 897 873 874 938 2545 2546 2547 2548 690 691 692 694 2113 2137 2139 2178 3001 4180 4181
	4182 4183 4184 4185 4186 4187 4189 4190 4194 4195 4198 4206 4207 4208 4223 2741 2745 4227 4228 4359 4360

	#New Southern Hemisphere Winters
	780 781 794 795 797 804 807 2829 2831 2836 2837 2838 2844 2861 2865 2867 2940 2942 2946 2947

	#Beyond the Pale
	372 373 374 4118 376 4380 3005 3006 4379 3009 4377 375 3014 4365 4362 4368 245 4375 4372 4376 4370 3028 4371 4374 4130 4373 4366
	3034 4369 3036 4728 4739 4382 3058 4381 3060 4770 4383 3063 3064 4769 3066 4768 169 3068 4766 3070 3071 4388 3073
	4385 10664 4389 3077 4386 4111 4387 3081 4112 3083 3089 2991 4392 4764 4390 4697 3110 3134 3135 4141 1756 4706 3164 3165 4704
	4703 3185 4176 4755 4756 3194 3243 3244 3245 4340 3261 3263 3264 3302

	#Beyond Typus Changes
	973 2484 2485 2477 2481 889 890 2544 931 2527 939 940 509 511 2077 2215 2221 45 1857 871 4121 210 2989 2122 2121 2192 712 2124 710
	739 2123 711 707 2078 4554 4942 4940 5031 5045 4966 881 882 885 2492 2491 4378 4119 4120 1746 208 2755 4557 214 2990 2751 219
	217 4789 215 4551 1747 4788 216 4553 232 228 4556 2464 2468 4142 4149 4165 4171 4298 1855 382 5205 4297 5203 379 380 2308 381 3008
	253 3019 4364 4175 138 143 1853 3248 330 5206 325 328 2299 2304 5152 4308 4311 4312 5163 1028 1027 1839 1835
	1020 1021 1832 1019 1820 1819 1825 1014 4292 4209 4210 1030 5320 5325 5326 5324 2462 5327 4345
	4342 4335 4337 4336 4324 4325 4341 4339 4300 4338 4293 4294 4326 4343 4344 4295 5801 5748 5781 5807 5747
	5749 5811 5750 5755 5809 5805 5810 5759 5763 5802 5761 5804 5760 4955 5042 5771 5773 5775 5797 5799 2478 5772 5821 5822 5823
	5832 5130 5172 7190 7191 7192 7193 7194 7195 7200 7201 7202 7203 7204 7278 5518 5519 5366 7123 7128 7147 7148 4702 7154 7166 7153 7121 7033 7035 7029 7036 7116
	7156 7157 7158 7159 3169 2750 3168 7151 7152 7155 7133 7142 7145 7144 7124 3174 144 7141 7149 7150 7146 7028 7062 7061
	7058 7048 7074 7078 109 7068 7085 4729 7076 7081 113 114 7059 7016 4733 7013 7014 7037 7026 7024 7027 7030 119 2977 7025 7032
	7034 7031 7082 112 7087 7086 7096 4568 4168 4558 5847 5848 5849 5851 5853 5854 5739 5868 5869 5870 5871 5872 5873 5874 5875
	5877 5878 7766 7767 7768 7769 7770 7771 7773 7774 7775 7776 7777 7778 7779 5867 4745 7705 7714 7707 7706 7711
	2996 46 47 7723 7725 7721 7762 7761 7736 3191 7726 7727 7734 1826 7733 7702 7750 7752 7753 7756 7765 7757 7758
	7759 7754 160 4531 3160 2998 7728 7729 4239 4757 7717 7724 7704 161 7748 7715 7738 4752 7739 7703 5154

	972 974 975 2022 2609 2610 4941 5731 5732 5733 5734 5735 5736 5780 10238 10242 10240 10245 10239			#Pacific temperate rainforests, hovers right between between mild and normal winters
	327 5090 5095 5096
	10934 10935 10958 11036 11019 11027 11015 10991 10972 11004 10984 10966 10983 10975 11021 11014 10982 10969 10976 10967 10978 10980 10979 11005 11025 10981 10977 10992 11048 11047 10954 11045 10947 10949 10164 10936 11060

	#CIP - China
	6750 6751 6752 6753 6754 6755 6756 6757 6758 6759
	6760 6761 6762 6767 6768 6769
	6770 6771 6772 6774 6775 6776 6778 6779
	6780 6781 6782 6783 6784 6785 6787 6789
	6790 6791 6792 6793 6794 6795 6796 6798
	6800 6801 6803 6804 6805 6806 6807 6808 6809
	6810 6812 6813 6814 6815 6817 6818 6819
	6820 6821 6822 6823 6824 6825 6826 6827 6828 6829
	6830 6832 6833 6835 6836 6837
	6919 6922 6923 6924 6925 6926 6927
	6930 6931 6933 6934 6935 6936 6969 6902 6741
	4196 6766 6733 2140 6764 6765

	#CIP - Nippon
	7280 7281 7282 7283 7284 7285 7286 7287 7288 7289 6959 4651
	7290 7291 7292 7293 7296 7297 7298 7299
	7300 7301 7302 7303 7304 7305 7306 7307 7308 7309
	7310 7313 7314 7318 7319
	7320 7321 7322 7323 7324 7326 7327
	7332 7333 7334 7338 7339
	7340 7341 7342 7393 7394 7392 7396 7397
	7453 7455 7456 7457 7458 7459 7460 7461 7462 7463 7464 7465 7473 7474 7475 7476 7477 7478 7479 7480 7481 7488 7532 7524 7525 7526 7534
	7482 7484 7483 7485 895 7487
	7294 7295 7316 7315 6941 7311 6939 6942 7330 6957 6953
	6960 6962 6961 7398
	#IRAmyzonis
	10308 10307 10688 202 10073
	#Iberia
	2987 10070 10023 10028 10014 4552 10024 10029 10025 10030 10033 10037 10015 10019 10020 10041 10042 10043 10046 10016 10017 10022 10021 10050 10027 10060 10059 10056 10057 10062 10061 10036
	10031
	#HRE
	10124
	10401 10572 10400 #1/15
	10498
	1767 4173
	7948 8027 8020 8022 10505 10506 8018 7977 10509 8025 10511 10512 10513 7976 8120 7954 8023 8021 7975
	10590
	10527 10528 10546
	10554 10564 7969 54 10598
	7965 7966 7947
	10606 10607 10608 10609 10610 10612 7959 7971 10616 7988 7989 7991 10624 10625 10633
	7963 10650 7927 10637 10628 10626 7931 7930 7925 7924 7923 10645 7905 10699 10648
	10673 7955 4776 7932 10669 10656 7956 7967 10657  7950
	10381 10378 10377 10380 10384 10357 10358 10375 10356 10370 10371 10366 10352 10367 10374 10364 10365 10376 10383 10382 10354 10353 10351 10363 4785 10369 10368 10350 10355 10360 10373 10379 10372
	10349 10343 10344
	10316 10317 10318 10319 10320 10321 10322
	10323 10324 10325 10326 10327 10328 10329 10330 10331 10332 10333 10334 10335 10336 10337 10385 10386 10387 10388 10389 10390 10391 10392
	10151  10309 10313
	10277 10293 10278 10271 10295 10272 10270 10269 10261 10263 10268 10256 10253 10254 10262 10252 10259 10290 10267
	4682 4683 4652 10244 10241 10236 378 5092 7990 10950 10249 11042 10933 10932 10931 10929
	8119 10685 8118 10686 10687 8017 10689 8019 7942 7946 7949 8030 7941 7939 7938 7951 8028 7907 7901 4695 7898 7899 10639 199 7933 7934 7935 7936 7979 7980 7981 7960 7962 7970 7972 7982 7983 7984 7985 7986 7987 7994 7995 7996 7997 7998 7999 8013 7993 7992 8094 8092 8095 8093 8036 8061 8060 8091 10035 4555 8041 8040 8055 8056 8053 8052 8047 8034 8035 8037 8039 8038
	10163 8032
	##Amyz Misc
	9522 9517 9689 9690 10924 9806 9872 1849 10233 9691 9686 9615 9610 9616 9565 9526 9614 9611 9608 9609 9612 9605 9606 9562 9563 9607 9561 9560 9529 9568 9558 9569 9585 9572 9594 9593 9590 9599 9592 9589 9597 9595 9588 9596 9570 9587 9584
	#LeRoi Misc
	102 10177 10180 10181 10182 10183 10184 10192 10208 10209 10210 10167 10179 9710 9752 9816 9978 2209 9992 9979 414 9977 9821 9983 9822 9982 9756 9975 9991 9980 9981 9976 9973 9995 9974 9996 9972 9994 9997 9971 9984 9970 2235 9396 4155 4169
	#Assorted Fixes
	4780 10039 9803 9802 5138 10618 10627 10634 10642 10635 10636 10644 10654 10655 10658 10659 4734
	7897 7900 7903 7902 7904 10611 10162 7913 10621 10696 10697
	#Agonizes' Iran and Central Asia fixes
	11062 448 444 4693 9549 9548 9400 9534 9533 9401 9538 9449 9537 9404 9535 9402 9540 9539 9541 9542 9543 9403 9544 9617 9632 9666 9645 9643 9644 9647 9660 9659 9653 9642 9651 9657 9658 9656 9654 9655 451 9640 9648 9390 9392
	9598 9601 9438 9450 9445 9443 9448 9591 9442 9440 9441 9630 9636 9664 10961 11028 10955 9665 2227 450 445 453 1968 9452 9637 9663 9439 9447 9436 9416 9437 9456 9432 9425 9465 9431 9476 9433
	9430 9475 9464 9463 9424 2226 578 9478 9451 9446 9444 9418 9481 1967 9480 9420 9419 9417 9415 9412 9414 9413 9411 9406 9410 9409 9408 9629 9428 9623 9618 9619 9620 9621 9627 9624 9407 9405 9626 9625
	9536 3175 3176 3178 3025 3024 3031 3032 3035 3041 3059 3067 3074 3076 3078 3090 3091 3093 3095 3096 3097 3101 3102 3103 3105 3106 3107 3109 3131 3132 3144
	9422 9423 9427 9429 9458 9459 9471 9479 9483 9485 9486 9487 9492 9493 9494 9495 9497 9498 9499 458 9556 9557 9622 9628

	#Bluehunter Mega Fix
	784 786 787 801 802 805 808 1109 1246 1656 2835 2839 2846 2863 2868 2941 3967 3968 3970 3971 3972 3975 3981 3982 3983 3984
	3990 3992 3993 3994 3995 3996 3997 3998 3999 4000 4001 4007 4010 4015 4797 4798 4799 4800 4801 4802 4803 4804 4805 4807 4809
	4810 4812 4813 4816 4817 4818 4819 4835 4855 4856 4858 4860 4874 4906 4908 4909 4910 4911 4912 4913 4914 4915 5598 5599 5600
	5601 5602 5603 5925 5926 5927 5932 5933 5934 5935 5936 5937 5938 5940 5949 5950 5951 5952 5953 5954 5955 5956
	5957 5958 5960 5961 5970 5971 5972 5973 5974 5975 5976 5977 5978 5985 5986 5987 5990 5991 5992 5993 5994 5995 6001 6002 6003
	6004 6005 6006 6007 7617 7618 7619 7621 7622 7623 7626 7627 7628 10900 10901 10902 11107 11108 11109 11113 11119 11120 11121
	11122 11133 11142 11146 11233 11258 11301 11319 11320 11330 11335 11338 11347 11588 11589 11590 11592 11593 11594
	#BTARG
	7629 7631 7635 7637 7638 7639
	#Sea tile test
	1252 10749 2953 1977 1887 1886 1885 5478 1884 5505 4235 1261 1262 5503 4139 5487
}

#Generally places where snow is nearly guaranteed any given year, and average winter temperatures hover around 0C
normal_winter = {
	1 2 3 4 5 7 17 23 24 25 27 28 35 36 37 38 39 53 1930 1985 40 41 42 43 48 767 770 771 2993 2752 2995 49 50 51 52 56
	57 58 59 60 61 62 63 64 65 66 67 68 69 70 71 72 74 75 76 77 78 79 80 81 82 83 84 85 86 203 1757 1758 1759 1760 1761 1762 1763 1858 1859 1868
	1872 1876 1880 2955 2956 2957 2958 2959 2960 2961 2962 2963 2964 2965 2966 2967 2968 2970 2969 2971 2972 132 133 134 135 153 154
	155 156 157 158 162  1770 1772 1863 1864 1318 246 248 250 251 252 254 255 256 257 258 259 260 261 262 263 264
	265 266 267 269 270 271 272 273 274 275 276 277 278 279 280 281 288 289 290 2424 291 292 1771 2407 2997 465 466 469 470 471 472
	474 476 477 478 479 2359 2364 2409 459 461 702 705 714 720 722 723 725 728 730 1050 2108 2109 2110 2111 2114
	2118 2119 2125 2126 2187 2188 2191 2747 2134 2193 1032 1033 1852 1031 898 902 915 943 946 947 949 951 954 955 956 957 958
	959 960 961 962 963 964 965 966 967 968 969 970 1847 1951 1952 1953 1940 1939 1841 1938 1935 1936 1937 1842 1834 1960 1941 1942
	1943 1944 1945 1966 1971 953 2011 2023 2010 449 2196 2204 2228 331 2305 2306 2307 900 916 917 942 987 2670 2513
	2519 2549 2550 2551 2552 2553 2554 2555 2556 2557 2558 2560 2561 2562 2365 2367 2366 2369 2357 2354 2360 2355 2368 2361 2358 2352
	2351 2353 2639 4200 4201 4202 4203 4221 732 733 735 737 1013 1845 2742 2744 4230 4231 4193 4522 5850

	#New Southern Hemisphere Winters
	782 783 1095 2847 2869 2870 2872 2873 2874 2877 2876 785 791 2843 2845 2871 4514 4515 4516 4518 4519 4520

	#Beyond the Pale
	4110 4361 3137 3138 3139 3051 4762 1978 1979 3120 3121 3122 3123 4238 4723 3142 4724 4237 7179 4726 4236 3146 4125
	3148 4126 4240 3151 268 3152 4127 3154 4128 3156 3157 4529 3159 4532 10563 3199 3200 3201 10555 3203 3204 4712
	10581 4718 3208 3209 4774 4716 4717 4743 4741 4773 4786 4749 3292 4528 4526 3220 3221 4538 3223 3224 3225 3226 3227 4241 3229 3230
	3231 3293 4536 4537 4242 4545 4115 4541 3238 3239 4247 3241 3242 3246 3247 3265 3266 3267 3270 419 420 423 2202 2205 3253
	4304 3256 4299

	#Beyond Typus Changes
	2625 2672 901 2508 2483 2520 2523 2524 2525 2526 948 899 2509 2514 952 717 721 2479 2116 2115 706 369
	2487 2490 2019 2489 2020 2507 1867 10081 4720 1869 128 4391 4694 176 2480 979 211 16 2405
	4920 4953 5044 4959 5013 4961 4967 4962 4963 4956 4958 4954 4946 4957 5016 5017 4945 5019 2493
	2494 2496 880 2495 875 878 879 988 4974 5058 5059 5097 5065 4143 4144 4163 4164 4166 4975 4979 2605 4167 110
	4740 103 4727 204 323 4307 326 329 332 1848 2300 2301 2303 324 5137 5146 4310 5150 4314 5155 5158 5164 5165 4313 5167 4232
	2743 4296 4302 3254 2225 2607 4204 5642 5643 5645 5660 5330 5331 5332 5644 5738 5813 5737
	5803 5798 5756 5757 5743 5744 5745 5751 5752 5753 5754 5762 5769 5782 5800 5812 5793 5768 5796 1808 5742 5770 4952 5815 5819
	5820 5824 4634 5834 5836 5835 5838 5833 5845 5064 5826 5827 4632 4631 5830 4630 4246 5021
	4534 4535 4539 4540 4542 4544 7206 7207 7208 7209 7211 7213 7214 7215 7216 7217 7218 7219 7220 7221 7222
	7223 7224 7225 7226 7227 7228 7229 7230 7231 7232 7233 7234 7235 7236 7237 7238 7239 7240 7241 7242 7243 7244 7245 7246 7248 7249
	7250 7252 7253 7254 7255 7256 7259 7268 7269 7271 7272 7273 4523 4533 4525 4527 4543 4530 7205 7210 7212 7258 7262 7263
	7264 7266 7267 7270 7274 7275 7251 7198 7196 7197 7279 7277 7276 4524 7257 7199 1875 2979 2981 4758 7057 105 7067 106 4730
	7098 7094 7089 7084 7083 7063 7066 7052 7065 7072 7079 7075 7080 7060 7045 120 7015 7070 7064 5129 4569 2488 5881 5882 5883 5885
	5879 5904 5863 5864 5725 5905 5906 5907 5888 5866 5876 7817 7818 7819 4746 7823 7824 7825 7826 7827 7828 7829 7830 7831 7832
	7833 7834 7835 7836 7837 7862 7838 7839 7840 7841 7843 7844 7845 7846 7847 7848 7849 7850 7851 7852 7853 7854 7855 7856
	7857 7861 7810 7811 7812 7813 7815 7816 7872 7791 7790 7792 7793 7795 7794 7780 7809 7772 7782 7821 4747 7858 7859 7860
	7781 2994 3193 140 3002 7722 7709 7710 7712 7701 5094 7749 7751 7755 7745 7746 7763 7737 4751
	7760 129 7764 7741 7700 7744 7743  10248

	976 2611 2613 5727 5728 5729 			#Pacific temperate rainforests, hovers right between between mild and normal winters
	7091 10407 10410 10409 10408 10405 10403 10402 10404 10362 10361 11013 10993 4777 10641 3087 10630
	10968 11024 11009 11010 10999 11017 10974 10986 11037 11034 10956 10957 11035 11033 11055 11039 11031 11053 10989 10960 11041 10962 11040 11022 10959
	11006 2195 11007 11002 11000 463 10970 11023 10937 11059
	7181 7170 7171 7169 7182 7178 7180 4725 7167 7168 7162 7188 7189 7172 7175 7173 7261 7184 7185 7174 7183 7176

	#CIP - China
	6928 6932 6937 6938

	#CIP - Nippon
	1029 1843 4131 4188 4191 4192
	7328 7329 7331 7335 7336 7337
	7343 7344 7345 7346 7347 7348 7349
	7350 7351 7352 7353 7354 7355 7356 7357 7358 7359
	7360 7361 7362 7363 7364 7365 7366 7367
	7395 7391 6955 6958 1026 1025 6956 6951 6950 6949 6947 6940 7312 7325 6952
	7399 6963 6965 6964
	#BTARG
	950 7523 7527 7528 7529 7530 7531 7535 7536 7537 7538 7539 7540 7541 7542 7543 7544 7545 7557 7558 7559 7560 7561
	7546 7547 7548 7549 7551 7552 7553 7554 7555 7556 7562 7563 7564 7565 7567 7568 7570 7571 7572 7573 7574 7575 7576 7577 7578
	7580 7581 7582 7583 7584 7585 7586 7587 7588 7589

	7683 7685 7686

	7630 7632 7633 7634 7636
	7640 7641 7642 7643 7644 7645 7646 7647 7648 7649
	7650 7651 7652 7653 7654 7655 7656 7657 7658 7659
	7660 7661 7662 7663 7664 7665 7666 7667 7668 7669
	7670 7671 7672 7673 7674 7675 7676

	#IRAmyzonis
	#E Europe Fix
	1954 10419 10420 10421 10422 7842
	#Switzerland + HRE
	10068 10058 10055 10032 10082 10090 10088 10091
	#PIETER EUROPE
	7388 7718 7740
	10411 10429 10431 10432 10433 10434 10435 10436 10437 10439 10440 10441 10442 10443 10444 10445 10446
	10450 10412 10418 10428 10481 10413 10417 10427 10415 10426 10414 10424 10423 10416 10430
	10463 10462 10461 10447 10448 10449 10451 10452 10453 10454 10455 10456 10457 10458 10459 10460
	10464 10465 10466 10467 10468 10470
	10473 10472 10471 10479 10478 10477 10475 10476 10469 10474 10480
	10482 10486 10483 10484 10485 10575 10550 10582 4711 10537 10536 10577 10549
	10499 10585 10586 10619 10620 10629 3116
	10523 10524 4744 4742 10530 10531 4760 10533 4708 4707 10538 10539 10540 10541 10542 10543 10544 10545 10547 10588
	4713 4714 10552 10553 10579 10580 4715 4709 4761 10593 10589 4772
	10594 10595 4775 10556 10557 10558 10559 4778 10561 10562 4767 10565 10566 10567 4748 10569 10570 10571 10576
	10597
	10638 10675 7921 7919
	7910 4719 10640
	10345 10347 10348 10346 10342 10341 10340 10314 10315 10338 10339 10147
	10599 10311 10310 4363 10312 10495
	10298 10299 10287 10289 10288 10286 10297 10276 10274 10275 10291 10273 10260 10265 10266 10282 10690
	7906 7908 7909 7914 7911 7940 8029 10605 4765 7944 10601 10521 10522 10520 4673 4674 4672 4675 4671 4669 4670 4676 4677 4684 4685 4692 4658
	10200 10201 10202 10203 7896 10551 10574 10560 10568 10573 10548 3155 10583 205 10670 10695 9518 9521 9523 9520 9524 9525 9688 9687 11061
	3158 3161 3162 3163 3167 3166 3171 3172 3173 3183 3186 3181 3149 3141 3129 3127 3126 3136 3133 3125
	#LeRoi
	10939 10940 10941 10942 11058 10948 10946 9500 9502 9501 10964 462 10199 10196 10197 10193 10194 10191 10190 10189 10178
	10204 10205 10206 10207 10211 8149 8154 10168 10683 9735 7892 10668 9746 9743 9742 9801 9514 9800 4177 4178
	#Assorted Fixes
	3207 10613
	#Agonizes' Iran and Central Asia fixes
	9457 9389 9388 9547 9387 416 11030 11029 9649 9671 9669 9650 9670 9672 9469 9673 3022
	9488 9468 9470 9466 9461 3080 9928 9460 9482 9484 3037 3094 3100 3086 3065 3044 3046 3048 3145 3147 3150 3130 3143 3153 3140 3053
	3092 3098 3082 3069 3049 3062 3052 3079 3072 9668 9661 9646 9455 9667 9993 9453 9454 9421 9426 452 9472 9477 9435 9434 9474
	3026 3030 3033 3038 3047 3050 3054 3055 3056 3057 3061 3075 3084 3088 9462 9496 460
	#Bluehunter Mega Fix
	2183 2875 3871 3873 3875 3876 4811 4814 4815 4820 4821 4822 4823 4824 4825 4826 4827 4828 4829 4830 4831 4832 4833 4834
	4836 4837 4838 4839 4840 4841 4842 4843 4844 4845 4846 4847 4848 4849 4850 4851 4852 4853 4854 4857 4859 4861 4862 4863 5191 5597
	5939 5941 5942 5943 5944 5945 5946 5947 5948 5959 5962 5963 5964 5965 6644 6645 6831 6850 6851 11144 11238 11259 11334 11356 11591
	11595 12486 12495 12499 12984
	#Sea tile test
	5500 7719 7713 7742 7720 7895 5501 3303
}

#Generally places with accumulating snowpack, severe winter storms, and average winter temperatures well under 0C
severe_winter = {
	10 11 18 19 20 21 30 31 32 33 73 165 166 1768 1870 1871 1873 293 294 295 296 297 298 299 300 301 302 303 304 305 306 307 308
	309 310 311 312 313 314 315 1752 1753 1754 1755 1776 1777 1778 2408 2102 2103 1048 2420 2415 2749 371 1104 1105
	554 557 565 1788 2070 2073 2074 2071 1034 1035 1036 1037 1038 1039 1040 1041 1042 1043 1044 1045 1046 1047 1051 1052 1054 1055 1059
	1061 1062 1064 1067 1068 1069 1070 1071 1072 1073 1074 1075 1076 1077 1078 1079 1080 1081 1082 1083 2418 2419 2421 2422 2423 2425
	1780 2426 2427 2428 2429 2433 2445 2432 2443 2430 2431 2436 2437 2442 2435 2446 2438 2439 2440 422 1856 716 718 719 724 727
	729 731 1049 1066 1053 1058 2104 2105 2107 2127 2185 2186 2189 677 2130 977 978 904 906 907 908 909 910 911 912 990 991 992 986
	994 995 996 997 998 999 1000 1001 1002 1003 1004 1005 1006 1007 1008 1009 1010 1011 1781 1782 1783 1785 1804 1805 1806 1807 1810 1811
	1812 1813 1814 1784 1787 2194 1961 1959 1957 1956 1958 1955 1964 1962 1963 1972 2004 2005 2006 2007 2008 2018 2017 2015 2016 2198
	2200 2201 2203 913 914 971 980 981 2012 2501 2502 2503 2504 2505 2510 2511 2512 2517 2518 2521 2522 2559 2563 2564 2565
	2567 2571 2572 2573 2574 2575 2576 2577 2578 2579 2580 2581 2582 2583 2586 2587 2588 2589 2590 2591 2592 2593 2594 2595 2596 2597
	2598 2599 2600 2601 2602 2603 2604 2612 2671 4205 4214 4215 4216 4217 4218 4219 4220 4222 4146 4481 4482 4517 4521 4763

	#New Southern Hemisphere Winters
	2025 5540 5541 5125

	# Beyond the Pale
	4710 3111 3112 3113 3114 3115 3118 3119 4114 4152 4124 4113 4303 3250 3251 4301 4305 4306 3262
	473 475 1965 2441 2444 3268 4116 3271 3273 4117 4147 3276 3277 3278 3279 3280 3281 3282 4122 3284 3285 4129 3290 3301

	#Beyond Typus Changes
	2584 993 2585 985 2570 2566 982 983 984 2568 2569 370 1913 2117 2190 1056 1057 1060 1063 676 2128 2129 1809 2009 903 905 2003
	2486 2482 989 2013 29 4123 3124 22 3117 4927 4925 4968 4969 4970 4971 4928 4930 4932 4933 4977 4976 4978 4980 4982 4985 4990
	4991 4992 4993 4994 4995 4996 4997 4998 5006 5007 4999 4944 4936 4937 4938 4926 4921 4922 4923 4929 4931 4935 5040 5041 5010
	5011 5012 5000 5001 5002 5003 5004 5005 5008 5009 5120 5111 5112 5123 4986 4934 4924 5014 5015 4949 4989 4983 4987
	4943 5033 5034 5035 4988 4984 4972 4981 5036 2608 5066 5037 5038 5039 4973 5046 5047 5048 5049 5050 5051 5052
	5053 5054 5055 5056 5057 5060 5116 5117 4148 4154 4156 4157 4159 4160 4161 4162 5118 5119 5121 5067 5068 5069 5070 5071 5072 5073
	5074 5075 5076 5077 5078 5079 5151 4315 5588 5589 5590 5591 5592 5593 5594 5595 5596 5124 5126 4939 5612 5613 5614 5615 5616
	5617 5618 5619 5620 5621 5622 5623 5624 5625 5626 5627 5628 5629 4243 4244 4245 4248 4249 4250 4251 4252 3294 3045
	4253 4254 4255 4256 4257 4258 4259 4260 4261 4262 4263 4264 4265 4266 4267 5647 5648 5649 5650 5652 5653 5654 5655 5656
	5657 5658 5659 5661 5662 5663 5664 5680 5666 5667 5668 5669 5670 5671 5672 5673 5674 5675 5676 5677 5678 5679 467 1065 480
	2434 3291 3128 5651 5665 5681 5682 5683 5646 34 2606 5722 5723 5778 5507 5724 5726 5730 5776 5509 5806 5808 5779 5741
	5512 5510 5511 5513 5784 5783 5740 5777 5514 5746 5630 5631 5632 5785 5786 5633 5634 5635 5636 5637 5787 5789 5788
	5508 5515 5516 5517 5758 4947 4948 4960 5638 5523 5524 5525 5526 5527 5528 5816 5790 5825 5837 2506 5684 5685 5093
	7071 7088 7092 7093 5880 5538 5127 5529 5530 5531 5532 5533 5534 5535 5536 5537 5908 5909 5910 5911 5912 5913 5914
	5915 5916 5917 5918 5919 5080 5081 5082 5084 5087 5640 5641 5901 5902 5903 5088 5089 5611 5573 5587 5889 5887 5886 5085
	5890 5891 5892 5893 5894 5895 5899 5900 5086 5896 5897 5898 5083 5639 5580 8000 8001 8002 8003 8004 8005 8006 8007 8008
	8009 8010 8011 8012 7867 7868 7869 7870 7871 7873 7874 7875 7876 7877 7878 7879 7880 7881 7882 7866 7865 7789 7747 7788
	4151 7800 7864 7802 7799 7801 7804 7803 7805 7806 7787 7786 7785 7783 7784 7796 7798 4145 5884 7808 7863 7797 8 9 8545 5542
	5543 7807 10525 10682 6954 4686 3184

	#BTARG
	7566 7569 7590 7591 7592
	5545 10951
	10578 10584 4759 #1/15
	7677 7678 7679 7680 7681 7682 7684 7687 7688 7689
	7690 7691 7692 7693 7694
	7695 7696 7697 7698 7699
	7440 7518 7498

	#IRAmyzonis
	#General fixes
	7371 7372 7373 7374 7375 7376 7377 7378 7379 7380 7381 7382 7383 7384 7385 7386 7387 7389 7390
	736 734 2694 4229 10943 10406 7247 7260 7265 7187 7177 7103 7186 6968 6967 6966
	10494 10493 10492 10488 10496 10490 10489 10491 10399 10398 10397 10497 10487 11012 10998 11001 10304 10394 10393 10396 10395 10438 10944 10938
	11056 11038 11054 11018 11026 10963 10988 10971 11016 11020 10996 10987 11011 11003 10997 10995 10985 10994 10965 10973 10990 11008 11057
	#Switzerland
	4721 10083 10084 10085 10086 4722 10089 10092 10093 7889 4691
	10303 10301 10302 10300 4690 4689 4688 4687 4680 4681 4678 4668 4679 4653 4661 4654 4660 4663 4655 4656 4659 4662 4664 4665 4666 4667
	#Anatolia Mountain Wastes
	10305 10306 9503 9504 9505 9506 9507 9508 9509 9510 9511 9512 9513 10247 10246
	#Persian Mountain Wastes
	9550 9551 9552 9553 9554 9794 9795 9796 9797
	#LeRoi Misc
	10173 10174 10175 10176 10185 10186 10187 10188 10195 10198 10169 10170 10087 4179 9386 9385 9384 9383
	#Agonizes' Iran and Central Asia fixes
	9555 3023 9473 9674 3018 3021 3017 3016 9467 3020 9490 9489 9491 3029 3027 3043
	#Bluehunter Mega Fix
	3872 4965 5846 12425 12434 12435 12436 12437 12438 12439 12440 12441 12442 12443 12444 12445 12446 12450 12451 12452 12977 12981 12982
	12937 944 7412 945 7506
}

impassable = {
	#Amyzonis using some wastelands as stores of value for goods
	5125 #DEV CALC
	6469 #MINORITY DUMMY

	4400 #birds / Western
	4401 #bison / Eastern
	4402 #camels / Nordic
	4403 #copper / German
	1779 #crustaceans / Latin
	1781 #dates / Anatolian
	1782 #fish / Muslim
	1783 #fruit / Indian
	1784 #fur / Chinese
	1785 #gold / Japanese
	1786 #grain / Indochinese
	1787 #hardwood / Malay
	1788 #herbs / Nomadic
	1789 #horses / Sibierian
	1790 #incense / Swahili
	1791 #ivory / Guinean
	4168 #jade / Kongolese
	1793 #livestock / Sahelian
	1794 #maize / Ethiopian
	1795 #millet / Nyanza
	1796 #palm /Papuan
	1797 #pelagic_fish / Australian
	1798 #potatoes / Oceanic
	1799 #pottery / North American
	1801 #poultry / Mesoamerican
	1802 #rice / South American
	1803 #salt / Andean
	1804 #shoal_fish / High American
	1807 #silver / Maghrebi
	1814 #softwood / Persian
	1173 #stone / Greek
	1950 #tomatoes / Russian
	2194 #tin / Balkan
	2200 #tropical_wood / Caucasian
	2251 #whales / Bantu
	2334 #wool / Khoisan

	####

	2426 #apiculture 
	2740 #alum 
	2936 #cloves 
	4146 #black_pepper 
	4154 #cocoa 
	4156 #carpet 
	4157 #cassava 
	4159 #cinnamon
	4160 #coffee
	4161 #cotton
	4162 #dairy
	11485 #dyes
	11446 #gems
	11536 #hemp
	11559 #iron
	11180 #lead
	11181 #leather
	11182 #marble
	4569 #mollusk
	11183 #mercury
	11184 #chili_peppers
	4153 #nuts
	1790 #spices
	1791 #olives
	6508 #opium
	6509 #paper
	6510 #niter
	6455 #slaves
	6481 #silk
	6470 #legumes
	11738 #sugar
	11753 #sulfur
	11754 #tea
	5545 #tobacco
	11595 #vanilla
	1913 #zinc

	11661 #artifices
	11662 #beer
	11664 #bricks
	11668 #books
	11669 #brass
	11670 #bronze
	11679 #confectionary
	10900 #fertilizer
	7247 #furniture
	10901 #glass
	10902 #gunpowder
	10965 #metalwork
	4167 #jewelry
	4179 #liquor
	5118 #naval_supplies
	5119 #chinaware
	5121 #resin
	5124 #rubber
	5126 #rum
	5120 #steel
	5111 #cloth
	5112 #wine

	5123 #aluminum
	5116 #chemicals
	5117 #concrete
	5127 #explosives
	5507 #machines
	5508 #machine_parts
	5509 #medicine
	5510 #munitions
	5511 #perfume
	5512 #preserves

	5513 #chromite
	5514 #coal
	5515 #phosphate

	##########################

	4522 2129
	5865
	3307 3451 3452 3453 3454 3455 3456 3457 3458
	3459 3460 3461 3462 3463 3464 3465 3466 3467 3468 3469
	#BT and BTP provinces replaced by new 1.23 Paradox province ids, added to wastelands as a redundancy, but probably not needed
	5190 5263 
	5253 
	5506 
	#BtP and BT provinces removed in 1.25 due to being replaced with new Paradox provinces. Added to wastelands as a redundancy.
	9681
	#BtP and BT provinces removed in 1.28 due to being replaced with new Paradox provinces. Added to wastelands as a redundancy.
	5568 5571 5569 5831 5829 5828 
	5842 

	#Beyond Typus New Wastelands
	5516 5517 5518 5519 5520 5521 5522 5523 5524 5846
	5525 5526 5527 5528 5129 5529 5530 5531 5532 5533 5534 5535 5536 5537 5538 8570 8550 5539 5540 5541 5542 5543

	3222

	#BTARG Replaced by 1.28 vanilla
	3319


	#### AMYZ
	7105
	3472 3478 3479 3480 3481
	3871 3872 3873 3874 3875 3876 3877 3878 3879 3880

	3763 3764
	3786 3787
	3821 3822 3823 3824 3825
	3826 3827 3828 3829 3830
	3831 3832 3843 3844
	3846 3847 3848
	3861 3862 3863 3864 3865 3866 3867 3868 3869

	3881 3882 3883 3884 3885 3886 3887 3888 3889 3890 3891 3892 3893 3894 3895 3896 3897 3898
	####
	7370 4403
	12977 12978 12979 12980 12981 12982 12983 12984 12985 12986 12987 12988 12989 12990 12991 12992 12993 12994 12995
	#China
	6848 6988 6991 6645 6641 6954
	6643 6644 12499
	#S Carpatians
	10472 10473 10474 10475
	#Special provinces used for localization
	10034
	#New Petrus Mountains
	4763 10682
	#Albanian Mountains
	10147
	#Anatolia Mountains
	10247 10246 10305 10306 9503 9504 9505 9506 9507 9508 9509 9510 9511 9512 9513
	10232 # qattara depression
	#Persian Mountains
	9550 9551 9552 9553 9554
	#NEW INDOCHINA
	8532
	9555 9556 9557
	9545 9546 9531 9532
	#NEW LeRoi
	9675 9749 9797 9792 9789 9788 9793 9787 9786 9795 9796 9794 9798 9799 9770 9769 9768 9767 9766 9765 9778 9761 9763 9772 9771 9775 9773 9774 9777 9776 9779 9790 9780 9781 9782 9791 9784
	10920 10921 10922 8797 8015 8026 8913
	7621 7622 5194
	12371 12372 12373 12375 12379 12380 12383 12384 12385 12386 12387 12388 12389 12390 12391 12392
	#JAHU
	12067 12068 12069 
}

mild_monsoon = {
	2101 12669 12670 12675 12685 12674 536 4412 #Pandya
	586 4399 # Lower Burma
	4394 4396 585 4395 # Central Burma
	2398 580 4393 2397 # Chindwin
	583 588 2400 4397 4406 # Shan Hills
	587 2401 4398 # Karenni
	600 603 2388 2389 # Central Thailand
	601 602 1817 589 # Northern Thailand
	617 2673 # Aceh
	609 2378 # Cambodia
	605 2376 # Mekong
	652 653 4354 # West Mindinao
	4131 4192 # Tohoku
	1014 1818 4182 # Kyushu
	1017 1019 1825 4184 # Sanyodo
	1845 # Pyongyan
	671 2174 # Hunan
	682 2172 4197 # Hubei
	686 2146 2147 # south Anhui
	685 1821 1822 2145 # South Jiangsu
	1113 1116 # Jolof
	1120 1121 1124 2248 # Manding
	1123 2249 2250 # Massina
	1134 # Jenne
	1135 1136 1137 2265 2266 # Lower Volta
	1150 1154 2278 2293 # Zazzau
	1148 1149 2279 # Katsina
	1155 2280 2281 # Kano
	1142 2270 # Dendi
	2245 # Wagadu
	1157 1160 2282 2283 2284 # Bornu
	1158 1159 2286 2287 2288 # Kanem
	1168 4080 # Kongolese Coast
	1098 1167 1171 1172  # Angola
	2948 4082 4084 # Matamba
	4083 4087 4091 4092 4093 # Kasai
	4094 4095 4107 # Chokwe
	4104 4106 4108 # Zambia
	4097 4099 4105 4109 # Luba
	4070 4071 4072 4076 4077 # Buha
	4055 4056 4057 4058 4073 # Tanzania
	4059 4061 4063 # Buzinza
	4028 4030 # Antemoro
	1200 1202 1203 # Mombasa
	4034 4035 4048 # Makuana
	4036 4037 4043 4042 # Ruvuma
	4038 4039 4040 # Shire
	2909 2910 2911 # Pontal
	758 2906 2907 2908 2919 # Goias
	765 2894 2899 # Minas Gerais
	766 769 2896 # Sao Paolo
	768 2895 2897 # Guayra
	2900 2901 2902 # Guapore
	2893 2920 # Ofaie
	2888 2904 2905 # Mato Grosso
	2928 # Grao Para
	749 2927 # Maranhao
	2857 2879 2884 # Rio Grande do Sol
	2730 # Northern Australia

	#Beyond Typus Changes
	8548 8549 574 5028

	#Cinnamon Ryce's South East Asia, Mild Monsoons
	8552 8553 8554 8555 8556 8566 8567 8568 8569 8570 8574 8575 8576 8581 8582 8599 8600 8617 8618 8636 8637 8638 8639 8640 8641
	8642 8662 8676 8677 8678 8679 8687 8688 8689 8714 8715

	#IR Reworks in progress

	#CIP
	7357 7358 4192 7354 7355 7356 7346 7349 7344 7345 7347 7348 4131 7351 7350 7352 7353 # Tohoku	#CIP
	1014 1818 7287 7291 7294 4182 7288 7289 7290 7296 # Kyushu	#CIP
	1017 7301 1825 7302 7370 1019 4184 7303 7305 7306 7307 # Sanyodo	#CIP
	1845 2744 4232 7375 7376 7377 # Pyongyan	#CIP
	671 6693 6692 2174 6691 6689 6690 6698 2173 6694 6695 6696 6697 672 681 2172 6699 6707 6708  # Hunan	#CIP
	682 6700 4197 6701 6711  2171 6710 6702 6703 6704 6705 6706 # Hubei	#CIP
	2146 2147 6720 6724 6726  # south Anhui		#CIP
	685 6730 6731 1821 6727 1822 6728 6729 2145 # South Jiangsu		#CIP

	#SEA/oceania
	11471 11521 11469 11522
	11224 11227 11228 11240 11248 11249 11252 11260
	11417 1986 11418 1239 11416 11490 11491 11415 11414 11413 11406 11543 11405 11488 1238 11404 11457 11487 11403 11402
	1992 11411 11410 11486 11409 1995 11408 11450 11448 11412 1235 6551 6579 2399 6577 584 6576 581 6578
	2687 6522 6523 625 11360 11358 626 11351 6520 1022 1016 2373 6487 2383 6630 6482 6472 6629
	4402 6899 6895 6454 6893 2165 6892 6894 6889 663 6891 6890 660 6898 661 2167 2384 6628 6909 6672 6671 2163 6907
	11682 11681 11684 11602 11607 11613 11608 11615 11609 11611 11606 11610 11614 11617 11616 11601 11600 11597 11599 11598 11618
	11688
	6948 6636 6943 6929 6639 6635

	#NEW INDOCHINA
	8485 8486 8487 8488 8489 8490 8491 8492 8493 8494 8495 8496 8497 8498 8499 8500 8501 8502 8503 8504 8505 8507
	8508 8509 8510 8511 8512 8513 8514 8515 8516 8517 8518 8519 8520 8534

	#Arabia IR
	401 4283 9909 9910 9911 9964

	#Bluehunter Mega Fix
	515 519 520 521 522 524 527 532 533 538 541 542 544 545 569 1948 1949 2027 2031 2033 2035 2036 2052 2062 2065 2083 2087 2090
	2100 2147 4407 4409 4418 4420 4421 4422 4423 4424 4426 4428 4432 4433 4434 4435 4436 4437 4439 4453 4454 4455 4456 4500 6722
	6723 6786 6797 6811 6816 6855 6856 6870 6872 6886 6906 9546 12574 12580 12582 12584 12602 12603 12612 12613 12614 12615 12616
	12617 12618 12620 12621 12622 12623 12632 12633 12634 12635 12636 12637 12639 12642 12643 12646 12647 12649 12650 12651 12652
	12653 12654 12655 12671 12672 12673 12690 12692 12693 12703 12704 12705 12706 12707 12708 12709 12710 12712 12714 12715 12716
	12717 12718 12719 12720 12723 12724 12801 12806 12813 12814 12815 12817 12994 12995
}

normal_monsoon = {
	534 4410 # Malabar
	543 549 2080 4425 # Andhra
	1946 2034 4431 # Desh
	2028 4438 4444 # Telingana
	552 2043 # Orissa
	4450 # Jharkhand
	516 2051 2054 4512 4457 # Ahmedabad
	2053 4480 # Patan
	526 2056 2093 4461 # Malwa
	525 528 4464 4465 # Gird
	558 4469 4489 # Bihar
	2047 4484 4487 4488 # Mithila
	555 2055 2095 4490 # Purvanchal
	523 2094 4494 4495 4497 # Oudh
	524 556 2063 4496 # Lower Doab
	2061 4498 4499 # Katehar
	2060 # Upper Doab
	4449 508 # Kashmir
	572 2099 # South Lanka
	582 2395 2396 4404 4405 # Kachin
	595 596 2392 # Malacca
	620 659 2675 2676 2677 # Riau
	618 619 2674  11717 11718 # Batak
	2685 11719 11720 # Gayo
	604 1823 2379 # Cambodia
	2377 2380 # Mekong
	606 607 1022 2374 2375 # Champa
	608 611 614 2382 # South Laos
	615 1844 2371 2381 # Noth Laos
	613 616 2372 # Song Hong
	610 1016 2373 # Tonkin
	638 2709 2710 2711 2712 11726 # Kutai
	627 628 2691 2692 # East Java
	630 2688 # West Java
	631 632 2693 # Lesser Sunda Isles
	643 644 2713 2714 # North Sulawesi
	633 635 2695 # Timor
	645 2696 2717 2725 # Molucca
	648 649 650 # Spice Islands
	654 2700 4351 4352 4353 # Visayas
	2701 2702 4355 # Mindinao
	651 655 4356 # Palawan
	657 658 2698 4348 # North Luzon
	656 2697 2699 4349 4350 # South Luzon
	1237 2719 2720 2721 2722 # Papua
	1012 1015 4180 4181 # Southern Kyushu
	1819 1820 4186 # Shikoku
	1029 1839 4188 4360 # Eastern Chubu
	1030 1835 4359 # Western Chubu
	1020 1021 1832 4187 # Kinai
	1018 1830 4183 4185  # Sanindo
	1023 1024 1837 # Hokuriku
	1028 1843 4189 # Western Kanto
	1027 4190 4191 # Easter Kanto
	733 735 4230 4231 # Western Korea
	734 736 2694 2745 4227 # Eastern Korea
	737 1013 2741 4228 4229 # Southern Korea
	667 668 2156 2157 2158 # Guangdong
	665 666 2159 2160 2161  # West Guangdong
	669 1829 2152 2153 # Fujian
	670 683 1833 2151 # Jiangxi
	684 1824 2148 2149 2150 # Zhejiang
	738 2154 2155 # Taiwan
	2162 2164 # Guangxi
	2239 # Jolof
	1122 1125 2252 2253 # Kong
	1138 2254 2255 2256 2267 # Lower Volta
	1140 1143 2291 2292 2295 # Atacora Oueme
	1144 1145 1146 1152 1153 # Lower Niger
	1161 1162 1249 2285 # Adamawa Plateau
	1166 4078 4079 # Kongolese Coast
	798 1169 1170 1901 2949 # Kongo
	4081 4085 4086 4088 # Lower Kasai
	4089 4090 4096 # Sankuru
	4098 4100 4101 4102 4103 # Shaba
	4067 4068 4069 # Rwanda
	4062 4064 4066 # Uganda
	4065 4074 4075 # Bunyoro
	1273 1925 4053 4054 4060 # Kenya
	1193 1194 4022 4031 4032 # Sakalava
	1792 4023 4027 # Madagascan Highlands
	788 1195 4049 4020 # Mozambique
	1196 1197 1198 1199 1201 # Central Swahili Coast
	4041 4044 4045 # Ngonde
	1183 1186 1192 # Quelimane
	1184 2950 2951 2952 # Zimbabwe
	761 762 763 764 # Rio De Janeiro
	2888 2903 2904 2905 # Mato Grosso
	1126 1139 1141 2257 2258 # West African Coast
	2889 2930 2933 2934 # Amazon
	747 2935 2938 # Amapa
	748 2890 2929 # Grao Para
	2887 # Rio Grande Do Sol
	1103 1100 1101 1102 1248 1999 1998 # Indian Ocean islands
	2728 2729 # Top End
	1996 1995 1235 1993 1992 1994 1991 1236 # Pacific Ocean islands
	2085 2026 4415 4416 12676 12677 12681 #Chola

	#Beyond Typus Changes
	8547 8544

	#Cinnamon Ryce's South East Asia, Normal Monsoons
	604 8573 8580 8586 8588 8589 8592 8593 8594 8596 8597 8598 8601 8602 8603 8604 8605 8606 8607 8608 8609 8610 8622 8623 8624
	8625 8626 8627 8628 8629 8630 8631 8633 8634 8635 8646 8647 8648 8652 8653 8654 8655 8656 8657 8658 8659 8660 8661 8663 8664
	8665 8666 8667 8668 8669 8670 8671 8704 8707 8708 8709 8710 8711 8712 8713 8716 8717 8718 8719 8720 8721 8722 8723 8724
	8725 8726 8727 8728 8729 8730 8731

	#IR Reworks in progress
	10113 10110 10114 10102 10106 10104 10103 10100 10101 10107 10105 10108 10109 10111 10112 #West Africa/Gold Coast

	6984 6985 6986 6987 6988 6989 6990 6991 6992 6993 6994 6995 6996 6997	#CIP Vietnam
	1012 7280 7281 1015 7368 7369 4180 7282 7283 4181 7284 7285 7286 11715 11716 # Southern Kyushu	#CIP
	1820 1819 4186 4187 7297 7298 7299 7300 7313 # Shikoku	#CIP
	1839 4360 7326 7327 7332 4189 5028 1029 4188 7328 7329 7330 7331 # Eastern Chubu	#CIP
	1030 4359 7317 7318 7314 1835 7323 7324 # Western Chubu	#CIP
	1020 1021 1832 7310 # Kinai	#CIP
	1018 1830 4183 4185 7304 7308 7309  # Sanindo	#CIP
	1023 1837 7319 7320 7321 7322 1024 7341 7342 7343 # Hokuriku	#CIP
	1027 1028 4190 7333 7334 7338 7339 7340 1843 4191 7335 7336 7337 # Western Kanto	#CIP
	# Easter Kanto	#CIP
	733 4231 7382 7383 7384 7385 735 4230 7386 7387 7388 7389 # Western Korea	#CIP
	734 2694 7378 7379 7380 7381 736 2745 4227 7395 7396 7397 # Eastern Korea	#CIP
	737 2741 4228 7392 7393 7394 1013 4229 7390 7391 # Southern Korea	#CIP
	667 668 2158 6660 6661 6662 6914 2156 2157 6904 # Guangdong	#CIP
	665 6663 6664 6665 666 2160 6666 6667 2159 2161 6668 6903  # West Guangdong	#CIP
	669 1829 6675 6678 6916 6917 2152 6676 6677 2153 6674 6915  # Fujian	#CIP
	670 6679 6918 683 6684 6688 1833 6682 6683 2151 6685 6686 6680 6681 6687 # Jiangxi	#CIP
	684 6715 6716 6717 6718 1824 2148 2149 2150 6712 6713 6714 6719 # Zhejiang	#CIP
	738 2154 2155 6921 11553 11558 11556 11557
	1840 6669 6910 6911 6912 2162 6905 664 2164 6670 6673 6908 6913 # Guangxi	#CIP

	#Oceania
	11480 11527 11472 11481 11470  11446 11485 11520 11519 11484 11453 11518 11479 11529 11530 11524 11526 11525 11523 11401 11468 11455 11454 11483 11531 11508 11482 11456 11458 643 11378 2714 11380 11377
	11292 11264 11273 11272 11271 11270 11266 11269 11368 11265 11274 11369 11407 1237 2720 2719 2721 2722 2398 2397 6451 6452 649 11547 6534 650 11550 11549 11548 2717 11362 11379 6607 6515 11374 642 6605 11371 2716
	4350 11570 2700 6616 6614 11560 4354 653 652 6615 11561 11562 11566 11567 4351 4352 2701 651 6620 6621 11395 11394 11392 2709 2710 6526 11391 2712 6527 11390 6463 6602 6464 11389 639 6604 11376 11375 2713 11551 644
	11350 627 11352 6618 2691 6519 6521 11355 6593 621 2680 6590 2681 2682 6596 6506 619 6589 2685 6588 6507 6587 618 6505 2674 2673 617 574 6532 6567 2394 6572 6478 6477 593 2391 2390 2387 592 6613
	11247 11250 11251 6606 6516 6552 606 2374 607 6528 6553 6494 610 2371 613 6497 6493 6492 616 6559 6558 2372 2378 6490 1823 6489 609 608 2386 2385 614 6518 615 6498 602 589 6474 6475 6476 1817 6539 2388 601 6540 6541
	2401 4398 6544 6545 587 588 4397 4406 2400 6453 583 2166 2381
	11647 11667 11648 11663 11670 11655 11649 11656 11657 11666 11645 11646 11643 11673 11662 11644 11642 11661 11640 11641 11664 11638 11639 11636 11637 11635 11631 11633 11632 11495 11497 11462 11496 11634 11540 11539 11541 11542 11512 11489 11463 11537 11538
	11683 10157 10155 6653 6648 6652 6649 6659 6651 6650 6656 6654 6655 6657 6658 11620 11619 11629 11603 11604 11605 11694 11695 11696 11697 11698 11705 11708 11709 11713 10152 10153 6501 11689 11690 11721 11722 2703 11727 638 2707
	11741 11734 2394 2684 11748 11749 2683
	11756 2682 11760 2681 10212 10213 10214 10115 10116 10117 11700 11701
	6944 6640 6637 6946 6945 6638 4408

	#NEW INDOCHINA
	8480 8481 8482 8483 8484 8522 8523 8524 8528 8529 8530 8531 8534 8536 8538

	#Bluehunter Mega Fix
	518 539 540 548 1947 2037 2058 2059 4414 4417 4419 4442 4443 4462 6647 6879 6884 11092 11093 11094 11095
	11096 11097 11098 11099 11471 12575 12576 12577 12578 12579 12581 12585 12588 12589 12590 12591 12592 12593
	12594 12595 12596 12601 12619 12624 12625 12648 12667 12668 12678 12679 12680 12688 12691 12694 12695 12696
	12700 12701 12702 12711 12721 12722 12725 12726 12727 12728 12729 12730 12731 12732 12733 12734 12753 12754
	12755 12756 12757 12759 12760 12779 12802 12820 12821 12822 12823 12824 12825 12826 12827 12829 12830 12831
	12833 12834 12835 12836 12837 12838 12839 12840 12841 12843 12844 12846 12847 12848 12849 12851 12852 12913
	12952 12957 12958 12996
}

severe_monsoon = {
	531 2029 2030 2032 4427 # Kanara
	529 530 2089 4429 # Konkan
	517 4430 # Tapti
	546 2050 # Berar
	550 551 2092 4458 4460 # Gondwana
	547 2048 4445 4446 4448 # Garjat
	553 2082 4447 4451 4452 # Upper Mahanadi
	564 2039 4474 4475 4478 # East Bengal
	561 2081 4476 4477 # West Bengal
	567 2091 4473 # Tripura
	563 2044 4479  # Gaur
	562 2045 2046 4486 # North Bengal
	566 571 2040 2042 4440 # Assam
	570 573 2041 # Naga Hills
	2097 2098 4468 # Baghelkhand
	559 4459 4466 4467 # Bundelkhand
	509 511 2069 4493 # Himalayan Hills
	4491 4492 554 # Baisi Rajya
	557 2070 2071 4483 4485 # Nepal
	568 579 2402 # Rakhine
	590 1815 2403 # Lower Burma
	591 592 2404 2387 # North Tenasserim
	593 594 2390 2391 # Tenasserim
	597 598 599 2393 2686 # Malaya
	621 622 623 2678 # Lampung
	2680 # Minangkabau
	634 2679 # Indonesian islands
	639 640 2706 2708 # Kalimantan
	636 637 2703 2704 2705 # Brunei
	626 629 2689 2690 # Central Java
	624  2687 625 # West Java
	641 642 2715 2716 # South Sulawesi
	646 647 # Ceram
	1245 2718 2723 2724 # Vogelkop
	1118 1119 2241 2242 # Gulf of Guinea
	1151 1163 1164 1165 # Guinea
	1097 1306 4140 # Sao Tome
	1147 2289 2290 2294  # Benin
	1114 1117 2238 # Futa Jallon
	4021 4024 4025 # Betsimasaraka
	4026 4029 # Antemoro
	1950 4401 4400 1787 2740 1789 2251 # Wastelands

	#Beyond Typus Changes
	8546 8550 8681

	#Cinnamon Ryce's South East Asia, Severe Monsoons
	8557 8558 8559 8560 8561 8562 8563 8564 8565 8571 8577 8578 8579 8584 8585 8583 8591 8595 8611 8612 8613 8614 8615 8616
	8619 8620 8621 8632 8643 8649 8650 8651 8672 8673 8674 8675 8680 8686 8690 8692 8693 8694 8695 8696 8697 8698 8699 8700
	8701 8702 8703 8705 8706

	#IR Reworks in progress
	#Oceania
	11452 11474 11475 11534 11532 11515 11533 11476 11517 11477 11478 11528 11478 11473 11516 11514 11396 637 655 4356 11572 11569 4349 6612 2699 11568 656 2697 6609 11573 2698 6611 4348 11574 11575 11576 657 6610 658 11571
	11261 11267 11268 2730 2729 2728 11245 11246 6561 11243 11241 11242 11244 11388 2707 6603 6599 6598 2708 11387 6465 11387 6597 6586 2706 11386 640 6458 6457 11385 6580 2705 6460 2704 6601 6462 6461 11400 11399 636 11397 11398 6600
	6595 623 6594 6471 6503 622 6592 2678 2679 2677 2676 620 6502 659 2686 6549 597 11384 6459 6570 596 6569 2392 595 598 6495 6575 11381 6574 2393 599 594 6573 6479 6571 6568 6517 6546 6548 6556 6557
	11451 2725 2696 11509 11535 6623 11546 11511 11510 11513 11552 648 6535 6533 645 2695 6626 6624 635 6625 6564 6634 634 2692 6608 11126 11125 629 2690 11353 2689 11554 11559 6920 11555 6591 6504 2675 6473 1844
	2711 6617 628 6566 568 6484 6485 579 6543 2402 1815 6550 6499 590 6500 2403 591 6538 2404 6536 647 646 6565 6563 6627 6633 6531 6632 633 6622 6530 11359 632 2693 631 2688 6619 11354 630 624 654 4353 2702 11563 4355 11564 11565
	6508 6510 6509 6469 6455 6481 6470 2715 6514 11373 6512 6513 6511 11367 641 6456 600 6468 2389 6467 6466 612 6542 6537 603 6480 2379 6491 6581 604 6583 2380 6524 2377 2376 605 6525 6584 6585 6555 6529 6554 6496 6582 6486 6488 2382 611 6631 6547 2375 6483

	11669 11665 11658 11650 11659 11668 11654 11651 11660 11652 11678 11676 11680 11679 11677
	11358 11360 6523 6522 11355 11685 11686 11687 11691 11692 11693 11699 11706 11710 11711 11712 11714 11723 11724 11725
	11738 11753 11754
	11746 11747 11745 11744 11743 11742 11733 11737 11736 11735 11739 11732 11731 11740 11730 11729 11728 11761 11759 11755 11750 11757 11758 11752 11751

	#NEW INDOCHINA
	8521 8525 8526 8527 8533 8535 8537 8539 8540 8541 8542

	#Bluehunter Mega Fix
	534 535 537 560 565 740 2038 2049 2057 2084 2096 3013 4413 4441 4470 4471 4472 8470 8506 8532 11091 11440 11653 11702 11703 12426 12427 12428 12429 12430
	12573 12586 12587 12606 12607 12608 12609 12610 12611 12626 12627 12628 12629 12630 12631 12638 12640 12641 12644 12645 12656 12657 12658 12659 12660
	12661 12662 12663 12664 12665 12666 12682 12683 12683 12684 12686 12687 12689 12697 12698 12699 12735 12736 12737 12738 12739 12740 12741 12742 12743
	12744 12745 12746 12747 12748 12749 12750 12751 12752 12758 12759 12760 12761 12762 12763 12764 12765 12766 12767 12768 12769 12770 12771 12772 12773
	12774 12775 12776 12777 12778 12780 12781 12782 12783 12784 12785 12786 12787 12788 12789 12790 12791 12792 12793 12794 12795 12796 12797 12798 12799
	12800 12828 12832 12842 12845 12850 12853 12854 12855 12856 12857 12858 12859 12860 12861 12862 12863 12864 12865 12866 12867 12868 12869 12870 12871
	12872 12873 12874 12875 12876 12877 12878 12879 12880 12881 12882 12883 12884 12885 12886 12887 12888 12889 12890 12891 12892 12893 12894 12895 12896
	12897 12898 12899 12900 12901 12902 12903 12904 12905 12906 12907 12908 12909 12910 12911 12912 12914 12915 12916 12917 12925 12926 12927 12928 12929
	12930 12931 12932 12933 12934 12935 12936 12937 12938 12939 12940 12941 12942 12943 12944 12945 12946 12947 12948 12949 12950 12951 12953 12954 12955
	12956 12959 12960 12961 12962 12963 12964 12965 12966 12967 12968 12969 12970 12971 12972 12974 12975 12976 12986 12987 12988 12989 12990 12991 12992 12993
	12997 12998
}

equator_y_on_province_image = 656
