### AMYZ - insertname_group - _group as the standard suffix for all provincegroups - for consistency across the board, like areas or regions
### While these are preferable to scripted triggers, absolutely, under no circumstances, should we create _group sets in a similar manner
### emphasis is converting all "core" and "common" triggers and avoiding X0000000 different variations of the same trigger

dummy_prov_group = {
	12000
	13000
	#14000
}

############### EUROPE ###############
###IBERIA
portugal_group = {
	231 232 3104 8094 8095 8093 8092 8091 8090 #porto_area
	228 1851 10045 10046 #beieras_area
	227 4787 10047 4556 8103 8100 8097 3108  # tagus_area
	4150 229 230 10053 10063 8106 8107 8105 8101 8102 #alentejo_area
}
lusitania_group = {
	231 232 3104 8094 8095 8093 8092 8091 8090 #porto_area
	228 1851 10045 10046 #beieras_area
	227 4787 10047 4556 8103 8100 8097 3108  # tagus_area
	4150 229 230 10053 10063 8106 8107 8105 8101 8102 #alentejo_area
	208 10014 10015 10020 #leon_area
	4553 10019 216 10016 10017 #zamora_area
	207 1745 10023 8035 8037 8038 8039 #asturias_area
	218 1747 3099 4788 10043 10044 8060 8061 8062 8063 #extremadura_area
	206 4554 4555 4558 10031 10035 8041 8040  #galicia_area

}
spain_group = {
	214 2990 4557 10059 10060 10061 10062 #aragon_area
	197 212 213 8114 10072 10073  #catalonia_area
	2987 2988 10068 10069 10070 10071 10181  #urgell_area #7889 removed (Andorra)
	1750 220 8088 4549 10064 4550 10065  #valencia_area
	10056 10055 211 10058 10057 #pyrennes_area
	224 1749 10007 4548 10011 10006 8079 #upper_andalucia_area
	225 10008 10009 8074 #lower_andalucia_area
	10010 1748 8071 8069 8087 8070 #jaen_area
	10037 2751 4547 8056 8064 8058 8054 #cuenca_area
	226 4546 10000 10001 10005 8082 #malaga_area
	222 223 8083 8084 8085 8086  #granada_area
	4551 4789 10022 8036 217 8052 8047 2755 8053 #castille_area
	1746 10024 10025 4552 8034 10021 215 #burgos_area
	4553 10019 216 10016 10017 #zamora_area
	219 10042 2754 8121 8059 10041 8057 8055 #toledo_area
	207 1745 10023 8035 8037 8038 8039 #asturias_area
	209 210 2989 10027 10028 10029 10030 10032 10033 10124 10162 #basque_area
	208 10014 10015 10020 #leon_area
	333 4559 4560  #baleares_area
	218 1747 3099 4788 10043 10044 8060 8061 8062 8063 #extremadura_area
	206 4554 4555 4558 10031 10035 8041 8040  #galicia_area
	221 10012 10013 10018 8065 8066 #murcia_area
}
vasconia_group = {
	209 210 10027 10028 10029 10030 10032 10033 10124 10162 #basque_area
	176 7921 7919 7923 10638 173 175 7924 10611 10613 #pyrenees_area
	174 3081 7925 10637 7927 3083 10633 #guyenne_area
}
andalusia_group = {
	222 223 8083 8084 8085 8086  #granada_area
	226 4546 10000 10001 10005 8082 #malaga_area
	224 1749 10007 4548 10011 10006 8079 #upper_andalucia_area
	225 10008 10009 8074 #lower_andalucia_area
	10010 1748 8071 8069 8087 8070 #jaen_area
	221 10012 10013 10018 8065 8066 #murcia_area
	220 1750 4549 8088  #Other IDs
}
macaronesia_group = {
	367 10079 10080 # Azores
	368 10078  #madeira_area
	366 10074 10075 10076 10077 4565 #canaries_area
}
###FRANCE
france_group = {
	182 183 7960 7962 10608 10609 7963 #ile_de_france_area
	179 4389 7935 7936 7959 10624 10626 #loire_area
	177 178 7988 7989 7990 7991 #anjou_area
 	184 185 10664 4388 7979 7981 4776 7980 #orleans_area
	180 3077 4386 4111 7932 10628 7934 7933 #poitou_area
	168 1879 4385 7983 7984 7985 7986 7987 #normandy_area
	181 186 3070 7956 10612 #reims_area
	3071 4390 7955 7950 10616 10657 #champagne_area
	167 3073 7967 7970 7972 7982 7971 #east_normandy_area
	89 7969 7965 7966 #picardy_area
	192 1877 4392 7938 7951 8028 191 10669 #bourgogne_area
}
occitania_group = {
	201 202 4696 2991 7892 10673 7894 7893 7891 7890 #provence_area
	204 3089 7910 10675 10648 #dauphine_area
	200 2753 3085 4391 10643 7898 7899 7906 #languedoc_area
	196 198 4112 7905 10645 7901 4694 4695 7907 #toulouse_area
	197 212 213 8114 10072 10073 10069 2988 10071 #catalonia_area
  	2987 10068 10070 10181 #urgell_area #7889 removed (Andorra)
	194 195 4697 7930 10630 7931 4387  #massif_central_area
 	174 3081 7925 10637 7927 3083 10633 #guyenne_area
	190 199 3087 10625 10639 10640 10641 7914 #auvergne_area
	176 7921 7919 7923 10638 173 175 7924 10611 10613 #pyrenees_area
	203 7911 7908 7909 4777 #lyonais_area
}
###BRITISH ISLES
england_group = {
	233 4373 10377 10378 10381 #cornwall_area
	234 239 4374 4130 10357 10358 10380 10384 10183 #wessex_area
	235 4371 10356 10370 10371 10184 #sussex_kent_area
	238 10383  1860 3028 10354 10382 #east_anglia_area
	236 237 10374 10375 10385 #thames_area
	4370 10364 10365 10376 10180 #east_midlands_area
	240 4372 10352 10366 10367 #west_midlands_area
	243 1861 4376 10351 10353 10363 #five_boroughs_area
	4367 245 10350 10355 4785 10360 #yorkshire_area
	244 4375 10368 10369 10349 #lancashire_area
	246 247 4368 10361 10362 10373 10379 #northern_england_area
}
scotland_group = {
	248 250 251 4361 3139 10310 10346 10347 10348 #lowlands_area
	249 3008 3019 4362 10343 10344 10345 10178 #scottish_marches_area
	  250 251 3139 10311 10314 10315 10341 8149 #crampian_area
	  252 4363 3138 10342 10338 8154 #highlands_area
	  253 4365 4364 10309 10313 10177 #kingdom_of_the_isles_area
	  3137 4110 10312 10339 10340 #ross_area

}
wales_group = {
	242 4366 10372 10389 10390 10392 #wales_area
	241 3034 3036 4369 10391 10386 10387 10388 #deheubarth_area
}
munster_group = {
	375 4378 10328 10329 10334 #munster_area
	4118 4377 10331 10332 10330 10333 #desmond_area
}
ulster_group = {
	3005 3006 4121 10307 10316 10317 10321 #ulster_area
	372 4380 10318 10319 #tyrone_area
}
###LOW COUNTRIES
wallonia_group = {
	91 1743 7977 7976 8020 #wallonia_area
	87 88 4769 10506 10509 10511 #artesia_area
	8023 3066 1742 4769 93 1866 8022 8025 #Other IDs
}
flanders_group = {
	90 1865 3064 8018 8021 #flanders_area
	87 88 4769 10506 10509 10511 #artesia_area
	2974 10505 3063 8017 92 1744 8019 10512 10513 #Other IDs
}
frisia_group = {
	100 1931 4382 10598 8118 8119 10685 10686 10687 #frisia_area
	7954 10688 10572 4141 3135 10528 #Other IDs
}
lotharingia_group = {
	192 1877 4392 7938 7951 8028 191 10669 #bourgogne_area
	193 4764 8030 7942 8029 7941 7940 #franche_comte_area
	187 188 7947 10656 4766 #verdun_area
	189 10650 7946 7949 10606 10607 10610 #lorraine_area
	3071 4390 7955 7950 10616 10657 #champagne_area
	94 3066 7948 8027 8023 #luxembourg_area
	91 1743 7977 7976 8020  #wallonia_area
	90 1865 3064 8018 8021 #flanders_area
 	92 95 1744 4770 8019 10512 10513 #brabant_area
 	93 1866 8022 8025 #luxemburg_liege_area
	87 88 4769 10506 10509 10511 #artesia_area
	8017 1742 2974 3063 10505 #limburg_area
	99 3058 3060 4381 8120 8032 #guelders_area
	96 97 98 4383 7954 7975 #netherlands_area
	181 4719  #Other IDs
}
netherlands_group = {
	99 3058 3060 4381 8120 8032  #guelders_area
	96 97 98 4383 7954 7975 #netherlands_area
	100 10685 8119 4382 8118 10686 8017 3063 10505 4770 95 8021 #Other IDs
}
belgium_group = {
	90 1865 3064 8018 8021 #flanders_area
	91 1743 7977 7976 8020 #wallonia_area
	87 88 4769 10506 10509 10511 #artesia_area
	91 1743 7977 7976 8020 #wallonia_area
	93 1866 8022 8025 #luxemburg_liege_area
	8023 3066 2974 10505 1742 1744 10513 8019 10512 8018 #Other IDs
}
###GERMANY
lorraine_group = {
	7949 189 10650 10610 7946 10606 #Other IDs
}
westphalia_group = {
	82 86 3199 3200 3292 10536 #westphalia_area
	2972 10555 3203 10538 4775 #paderborn_area
	56 2973 10546 10554 10589 #north_westphalia_area
}
eastphalia_group = {
	57 1758 4773 10523 10524 4742 10547 10556 #braunschweig_area
	44 53 1857 10566 4772 7810 2964 #lower_saxony_area
	54 55 1874 10572 4771 2971 10688 #weser_area
	10565 52  #Other IDs
}
hannover_group = {
	57 1758 4773 10523 10524 4742 10547 10556 #braunschweig_area
	53 1857 10566 4772 7810 2964 #lower_saxony_area
	56 2973 10546 10554 10589 #north_westphalia_area
	10565 52 10687 1931 10598 44 #Other IDs
}
frankonia_group = {
	66 67 79 4717 4718 10522 10559 10573 10580 #franconia_area
	4715 71 4716 10588 #Other IDs
}
pomerania_group = {
	48 1858 2995 7818 7819 4746 7823 7824 7842 #hinter_pommern_area
	47 2994 4745 7815 7816 7817 #vorpommern_area
	46 2996 7811 7812 7813 10544 4749 #mecklenburg_area
	2993 #Other IDs
}
saxony_group = {
	63 4716 4743 10540 10548 10557 10560 10568 10588 #thuringia_area
	61 62 2965  4744 7181 10558 10574 10593 #south_saxony_area
	52 58 59 4741 10539 10551 10565 10569  #northern_saxony_area
	57 1758 4773 10523 10524 4742 10547 10556 #braunschweig_area
	44 53 1857 10566 4772 7810 2964 #lower_saxony_area
	54 55 1874 10572 4771 2971 10688 #weser_area
	45 1775 1857 4141 7775 7776 7777 7778 10498 #holstein_area
	#Other IDs
}
prussia_group = {
	41 7833 7834 7862 #konigsberg_area
	40 3224 7835 7836 7837 #nadruvia_area
	767 7830 7831 7832 2958 #masuria_area
	42 1841 1859 7829 10599 #east_prussia_area
	43 2997 5097 7825 7826 7826 7827 7828 #west_prussia_area
}
silesia_group = {
	263 4723 3142 10458 10463 10465 10468 10469 #silesia_area
 	264 2966 4238 10464 10466 10467 10470 10471 10690 #lower_silesia_area
}
austria_group = {
	134 1770 4762 10531 7176 7175 7172 7173 10405 #austria_proper_area
	133 10200 4760 4761 7178 7180 7183 #upper_austria_area
}
styria_group = {
	128 10406 10407 1768 4759 #carinthia_area
	1863 10530 132 7763 10408 10409 10410 7182 7177 7103 #inner_austria_area
	129 7760 7761 7762 7764 4751 #carniola_area
}
bavaria_group = {
	64 2956 10201 4709 10541 10542 4707 #lower_bavaria_area
	65 2955 10203 10585 4708 7185 7184 #upper_bavaria_area
}
swabia_group = {
	68 69 1868 3204 4712 10545 10549 10575 10579  #upper_swabia_area
	70 71 4715  10577 1872 4711 4713 10581 10582 #lower_swabia_area
}
wurttemberg_group = {
	70 4713 10577
}
rheinland_group = {
	85 1878 4768 10590 84 2975 7913 #north_rhine_area
	80 1760 10563 10564 10595 #lower_rhineland_area
	3199 3200 3292 8027 10537 #Other IDs
}
alemannia_group = {
	72 74 4714 10552 10553 #upper_rhineland_area
	75 1880 10594 10597 4765 7944 10605 #alsace_area
	7942 #Other IDs
}
polabia_group = {
	46 2996 7811 7812 7813 10544 4749 #mecklenburg_area
	47 2994 4745 7815 7816 7817 #vorpommern_area
	50 51 1759 4786 4748 10570 2993 #mittelmark_area
	60 1763 4778 10561 10567 #lusatia_area
	61 62 2965  4744 7181 10558 10574 10593 #south_saxony_area
	44 53 1857 10566 7810 2964 52 10569 10551 59 7778 45 10498 7778 #Other IDs

}
switzerland_group = {
	166 10083 10085 10087 165 10081 10082  #switzerland_area
	1869 1870 10088 10091 #zurich_area
 	1873 4740 3294 4722 10089 #grl_area
	1867 1871 4720 4721 10084 10090 #romandie_area
}
###SCANDINAVIA
denmark_group = {
	15 1984 4142 4149 7769 7770 7771 10192 7897 7900 #jutland_area
	12 14 1983 7767 7768 7902 7903 7904 #denmark_area
	6 26 1982 4165 7766 7779 1981 10167 #skaneland_area
}
sweden_group = {
	6 26 1982 4165 7766 7779 1981 10167 #skaneland_area
	2 3 3120 4166 25 3121 7790 7792 7793  #gotaland_area
	5 7 4163 4164 16 7791 7795 #vastra_gotaland_area
	1 1930 1985 3122 3123 10495 10193 10194 #svealand_area
	4 8 1985 7794 7863 10169 #bergslagen_area
	11 7799 10301 10303 10496 #vasterbotten_area
	9 3124 7797 7798 7796 10 #norrland_area
	18 4114 10489 10490 10491 #sapmi_area
}
norway_group = {
	4145 7809 7772 7782 10170 10190 24 #southern_norway_area
	22 3117 10188 10168 #upplond_area
	20 7787 7788 10185 10186 7787 10187 #trondelag_area
	17 4143 7781 4144 7780 7783 10191 7784 #eastern_norway
	23 2752 7785 7786 10189 3118 #western_norway
	21 315 3119 7789 7747 10300 10302 #northern_norway
}
finland_group = {
	27 3128 4123 10196 #finland_area
	29 31 7803 7804 7805 #east_finland_area
	19 4113 7801 10487 10497 10195 10488 7800 #bothnia_area
	4151 7802 4152 7864 10396 10438 #finnish_lappland_area
	28 7807 10197 10198 #uusima_area
	30 32 4124 7806 7808  #west_karelia_area
}
sapmi_group = {
	18 4114 10489 10490 10491 #sapmi_area
	4151 7802 4152 7864 10396 10438 #finnish_lappland_area
	1777 5649 5650 10395 10492 10493 10494 #laponia_area
	21 315 3119 7789 7747 10300 10302 #northern_norway
}
###ITALY
adriatic_group = {
	108 112 1774 7076 7087 4729 7081 7085 10179 #venetia_area
	111 1769 4738 7091 7096 7086 7098 10615 #friuli_area
	7088 7089 7094 10695 #carnia_area
	130 7082 7090 #istria_area
	119 2977 7025 7026 7027 7030 7037 7121 #north_marche_area
	2985 7069 7011 10631 #capitanata_area
	122 1933 7005 7006 7007 10165 10691 #apulia_area
	4753 136 7731 7732 7733 10137 10164 10693 10694 #east_adriatic_coast_area
	137 7730 10692 10671 #dubrovnik_area
	139 7721 7723 7722 10668 #herzegovina_area
	138 7708 4754 1831 10945 #montenegro_area
	4174 4175 5094 10148 10150 7144 3182 #albania_area
	7142 143 4750 7143 10151 #south_albania_area
	113 114 7032 7031 7034 10697 7014 7153 10634 7013 10632 10672 7735 4752 10163 7734 1826 10149 7141 7140 142 #Other IDs
}
lombardy_group = {
	104 107 109 1862 4728 7078 4739 7074 7083 7166 #lombardy_area
	113 114 7028 7031 7032 7033 7034 10696 10697 #emilia_romagna_area
	105 106 4730 7045 7057 7060 7067 7068 10621 #emilia_area
	108 1774 7076 7087 4729 7081 7085 10179 #venetia_area (minus 112)
	7088 7089 7094 10695  #carnia_area
	7086 7084 10499 110 3294 4740 7080 2979 7079 7072 2981 7048 7058 7070 7061 7059 3042 #Other IDs
}
padania_group = {
	113 114 7028 7031 7032 7033 7034 10696 10697 #emilia_romagna_area
	105 106 4730 7045 7057 7060 7067 7068 10621 #emilia_area
	103 2981 7048 7058 7061 7065 7066 7070  #piedmont_area
	7081 7076 4729 108 7085 109 1862 7078 4728 4727 7052 7062 7063 1875 #Other IDs
}
tuscany_group = {
	117 3040 7039 7041 7042 7043 7044 7046 7050 3040 10144 #south_tuscany_area
	115 116 2978 2980 3042 7047 7049 7051 7059 #tuscany_area
}
liguria_group = {
	101 2992 7053 7054 7055 7056 7165 #liguria_area
	102 7064 7062 7052 7061 7058 7048 7060 7045 7059 3042 #PROV IDS w/o area
}
piedmont_group = {
	103 2981 7048 7058 7061 7065 7066 7070 7071  #piedmont_area
	2979 3045 7072 7075 7079 7080 #north_piedmont_area
	102 1875 4727 7052 7062 7063 7064 #south_piedmont_area
}
umbria_group = {
	119 2977 7025 7026 7027 7030 7037 7121  #north_marche_area
	2976 7022 4731 7024 7029 7035 7036  #umbria_area
	 114 7028 7031 7032 7033 7034 10696 10697 #Other IDs
}
sardinia_group = {
	127 4735 5091 7097 10002 10003 10166 10603 #sardinia_area
	2986 7099 7095 10004 10604 #campidano_area
}
naples_group = {
	121 2983 3039 7009 4734 7012 10591 #naples_area
	123 2984 7003 10146 10425 10596 #calabria_area
	122 1933 7005 7006 7007 10165 10691 #apulia_area
	1934 7004 7008 10592 #lucania_area
	7016 7017 10172 10623 10627 #lavoro_area
	4733 7116 10632	#molise_area
 	2985 7069 7011 10631 #capitanata_area
 	120 7013 7014 7015 7153 10629 10634 #abruzzo_area
}
sicily_group = {
	124 2982 7002 7160 7161 7164 #sicily_area
	125 4736 4737 7001 10600 10602 #val_di_mazara_area
}
two_sicilies_group = {
	124 2982 7002 7160 7161 7164 #sicily_area
	125 4736 4737 7001 10600 10602 #val_di_mazara_area
	121 2983 3039 7009 4734 7012 10591 #naples_area
	123 2984 7003 10146 10425 10596 #calabria_area
	122 1933 7005 7006 7007 10165 10691 #apulia_area
	1934 7004 7008 10592 #lucania_area
	7016 7017 10172 10623 10627 #lavoro_area
	4733 7116 10632	#molise_area
 	2985 7069 7011 10631 #capitanata_area
 	120 7013 7014 7015 7153 10629 10634 #abruzzo_area
}
dalmatia_group = {
	4753 136 7731 7732 7733 10137 10164 10693 10694 #east_adriatic_coast_area
	137 7730 10692 10671 #dubrovnik_area
	7735 10672 #Other IDs
}
###BALKANS
albania_group = {
	4174 4175 5094 10148 10150 7144 3182 #albania_area
	10149 7142 7141 7140 143 4750 7143 10151 #south_albania_area
}
serbia_group = {
	1827 7717 4757 4755 7709 7712 7710 # rascia_area
	141 3185 4176 4239 7714 7715 #serbia_area
	1766 7700 7701 7702 3000 7711 #kosovo_area
}
bosnia_group = {
	1828 7727 7728 7729 #krajina_area
	139 7721 7723 7722 10688 #herzegovina_area
	140 3002 3193 3194 7724 7725 7726 #bosnia_area
}
kosovo_group = {
	7701 7700 1766 7702 #Other IDs
}
croatia_group = {
	4753 136 7731 7732 7733 10137 10164 10693 10694 #east_adriatic_coast_area
	137 7730 10692 10671 #dubrovnik_area
	131 1826 4752 3191 7734 7735 7736 10163 10672 #croatia_area
	152 1767 4756 7737 7738 7739 10208 #slavonia_area
	130 7082 7090 #istria_area
}
hungary_group = {
	1864 4240 10420 10421 10424 10411 3151 10423 #transdanubia_area
	135 3051 10422 10404 7174 10424 #western_transdanubia_area
	153 7740 10414 10416 10419 10426 #central_hungary_area
	155 1953 4125 3148 4126  10418 10429 10430 10431 #alfold_area
	10434 7718 4126 1954 #Other IDs
}
moldavia_group = {
	2405 3159 7277 10204 10412 #moldavia_area
	268 3157 4529 4530 7276 10205 10206 #western_moldovia
	1756 7278 10209 # budjak_area
	3156 7274 7275 # bukovina_area
}
wallachia_group = {
	160 4532 7748 7749 7750 #oltenia_area
	161 7751 7752 7753 7754 7755 #upper_muntenia_area
	2998 3160 4531 7756 7757 7758  #wallachia_area
}
bulgaria_group = {
	1765 7703 7704 7705 # bulgaria_area
	150 159 4704 7157 7158 7159 7706 7707 2746 #danubian_plain_area
	2750 3169 7149 7150	1764 7139 7152 7155 7156  #upper_thrace_area
	7154 3165 7765 3164 7759 4706 #lower_danube_area excl last 4 for modern borders
	4703 7151 3168 # Bulgarian Greece partial
	10654 10653 10655 10658 10659 10644
}
###GREECE
macedonia_group = {
	148 7122 7123 1853 7124 10635  #macedonia_area
	3001 4780 7145 7146 7147 7148 10636 #northern_macedonia_area
	7127 7128 4703 4702 7120 10677 10654 #eastern_macedonia_area
}
epirus_group = {
	144 7131 7132 7133 7140 7141 10149 10642 #northern_greece_area
	4699 7115 #aetolia_area
	4698 7125 7126 142 #Other IDs
}
aegean_group = {
	163 3180 7106 7107  #eastern_mediterrenean_islands_area - crete
	2348 4700 3195 10127 10132 10133 10131 10135  #aegean_archipelago_area
	320 10129 10130 7119  #south_aegean_area dodecanese
	164 10126 #western_aegean_area cyclades
	3003 7110 7109 #euboea_area
	10128 #Cerigo included - rest of heptanese excluded
	10646 10647
}
pelaponnesia_group = {
	1773 4701 7100 7101 10617 #northern_peloponnesus_area
	145 7102 7163 3179 7104 10125 10651 #morea_area
}
thrace_group = {
	149 151 3170 7134 4779 7136 7137 7138 10156 #thrace_area
	2750 3169 7149 7150	1764 7139 7152 7155 7156  #upper_thrace_area
	7129 4705 7151 7130 3168 #western_thrace_area - Rhodope
	10653 10652
}
greece_group = { #excluded Heptanese & Aegean & Dodecanese & Macedonia & Thrace
	145 7100 7101 7102 7163 1773 4701 3179 7104 10125 	#morea_area
	144 7131 7132 7133 #northern_greece_area - epirus
	4699 7108 7112 7115 #aetolia_area
	147 3174 7117 7118 7113 #thessaly_area
	146 3177 7111 7114 #hellas_area
	3003 7110 7109  	#euboea_area
	10649 10617 10651
}
###EAST EUROPE
bohemia_group = {
	266 2970 4724 10484 10478 10477 10482 7171 #bohemia_area
	10486 2968 7179 10479 4725 7169 #budejovice_area
	267 1771 2967 10485 7170  #erzgebirge_area
	265 4237 4726 10480 10481 10483 7167 7162  #moravia_area
}
poland_group = {
	254 255 2963 4526 10442 10445 10461 10462 #wielkopolska_area
	1939 4524 4528 4523 #kuyavia_area
	256 257 4525 10444 10446 10440 7264 1938 10443 10447 #mazovia_area
	259 3221 4527 10435 10436 #sandomierz_area
	260 4538 7266 10439 7896 #lublin_area
	258 3220 4533 10441 7168 #central_poland_area
	262 2960 2424 2959 7267 10437 #malopolska_area
}
lithuania_group = {
	271 3226 7210 7212 7859 7860  #samogitia_area
	270 4534 1936 3225 7211 3223 1937 #trakai_area
	272 7219 7218 770 4536 4535 7213 7216 7861 #lithuania_area
}
estonia_group = {
	35 36 1842 3230 3231 7853 7855 7856 7857 10199 #estonia_ingria_area
	1834 3229 7850 7851 7852 	#north_livonia_area
}
latvia_group = {
	39 1935 3227 7838 7839 7840 7854 7841 3293 #curonia_area
	38 4241 7843 7844 7845 7848 7849 #livonia_area
	37 273 7846 7847 #latgallia_area
}
romania_group = {
	2998 3160 4531 7756 7757 7758 #wallachia_area
	160 4532 7748 7749 7750 #oltenia_area
	161 7751 7752 7753 7754 7755 #upper_muntenia_area
	10454 1951 3154 10456 10457 10451 10476 #transylvania_area
	158 10449 10450 4127 #szekelyland_area
	10448 10452 4128 10455  #southern_transylvania_area
	157 3152 10432 10433 10453 #crisana_area
	1756 7278 10209 10618 #budjak_area
	2405 3159 7277 10204 10412 #moldavia_area
	268 3157 4529 4530 7276 10205 10206 #western_moldovia
	3156 7274 7275 10619 10620 #bukovina_area
	7746 7745 7744 7743 156 7765 3164 7759 4706 #Other IDs
}
###CAUCASIA
georgia_group = {
	462 2196 422 10986 10987 #imereti_area
	1856 10964 11008 11011 9385 #abkhazia_area (excl 11001)
	3250 3251 4303 2204 11038 11018 #samtskhe_area
	423 4301 10944 10996 11020 11026 11054 #kartli_area
	2203 10938 10971 10988 11016 10963 11057 #kakheti_area
	11017 10974 3248 10946 3253 10959 420 #Other IDs
}
circassia_group = {
	463 2195 10998 11000 11002 11006 11007 9383 9384 9386 #circassia_area
	3262 10997 10999 11003 11009 11010  #kabardia_area (excl 2201)
	11001 #Other IDs
}
crimea_group = {
	285 2410 3245 7190 10039 5095 #caffa_area
	3244 284 7191 7192 7193 10949 11004 5090 #crimea_area
}
al_qawqaz_group = {

}
azerbaijan_group = {
	4421 425 4305 4299 10972 10991 421 10937 9388 9389 #shirvan_area
	4340 11015 11019 11027 11028 #mughan_area
	3261 10989 11053 #Other IDs
}

############### ASIA ###############
###MASHRIQ
kurdistan_group = {

}
assyria_group = { #29
	411 2309 10218 11032 2310 9961 9692 9391 9393 #nineveh_area
	4295 5295 9689 9710 9690 10955 11042 #bohtan_area
	2307 5332 10956 11034 11059 9687 9547 5186 #north_kurdistan_area
	5296 2206 4293 9390 11035 #other provinces
}
aramea_group = { #11
	405 10226 9397 5192 #rakka_area
	382 10934 9806 9396 5178 9807 11046 #syria_area
}
phoenicia_group = { #22
	5170 10935 1849 11044 4271 10221 9960 10233 9805 #tripoli_area
	10236 10237 5205 11045 10933 4297 378 9747 5185 #lebanon
	5179 1855 10235 10929 #galilee_area
}
syria_group = { #35
	382 10934 9806 9396 5178 9807 11046 #syria_area
	377 2313 10285 10242 10234 9959 #aleppo_area
	5170 10935 1849 11044 4271 10221 9960 10233 9805 #tripoli_area
	405 10226 9397 5192 #rakka_area
	407 5293 5296 10220 2314 10227 10923 9804 9693 9549 9398 #al_jazira_area
}
najd_group = { #35
	392 9851 9852 9759 9758 9757 9754 9762 9835 4274 #yamamah_area
	2339 4275 9850 9853 9755 #al_kharj_area
	9878 9880 4276 2336 9860 #aliyah_najd_area
	393 4273 9862 9870 9965 9879 #nafud_area
	9856 5256 2338 9859 #aliyah_najd_area
	2335 9855 9854 9680 9676 #najd_area
}
bahrain_group = {
	396 #bahrain island?
}
qatar_group = {
	395 9843 9844 #Qatar peninsula
}
haasa_group = {
	5250 9842 394 9841 9838 9839 5251 #bahrain_area minus qatar, bahrain
	2347 9840 5174 9881 9963 5176 #al_ahsa
}
oman_group = { #33
	399 400 5334 9888 9892 9893 9783 #mascat_area
	5246 9889 9890 9891 9990 #al_dhahirah_area
	403 4287 9716 9894 9895 9896 9902 #oman_area
	2341 5333 9897 9898 9899 9900 9901 #ash_sharqiyah_area
	2342 5244 9903 9904 9905 9906 9907 #al_wusta_area
}
hadhramaut_group = { #14
	2343 4284 9706 9711 9714 9914 9917 9920 9922 9713 #hadramut_area
	389 9916 9918 9919 #shihr_area
}
najran_group = {
	391 9966 9947 9764 9926 9682 #najran_area
}
yemen_group = {

}
###MAGHREB
algarve_north_group = {
	230 8107
}
algarve_south_group = {
	334 1751 3249 5219
}
morocco_group = {
	3418 3300 3314 3315 #bojador_area
	347 3309 5228 3308 3305 3311  #noun_area
	1110 5212 2466 3299 3304 3320 3317 3316 #sus_area
	346 2460 2464 5220 3310 3306 3313 3312 5221 #tafilalt_area
	2465 5229 5213 3297 3269 3298 3260 3318 #southern_morocco_area
	343 2467 5219 4563 2468 5211 3258 3257 3283 3274 3272 #western_morocco_area
	334 335 1751 5210 5218 4561 3259 3252 342 3249 #northern_morocco_area
	344 345 348 2470 5226 4568 2469 4564 3255 3296 3295 3289 3288 3287 3286 3275 #marrekesh_area
}
algeria_group = { #64w
	340 1882 5319 5321 3237 3339 3240 #hippo_area
 	5320 5325 5326 3235 3236 3338 3337 #ouled_nail_area
	351 3234 3394 3395 3396 3397 3404 #biskra_area
	339 2458 5318 5323 3345 3347 #kabylia_area
	338 5322 2459 3335 3330 3336 3329 3341 3343 #barbary_coast_area
	2462 3328 3340 3342 3346 3392 #hautes_plaines_area
	350 3325 3327 3333 3334 3391 3393 5324 #laghouat_area #Amour
	2463 3323 5328 349 3321 3324 3344 5327 #hodna_area
	336 3332 4562 3322 337 3326 2461 3331 #oran_area
}
tunis_group = { #41
	341 2455 5317 5224 5314 3187 3188 3213 3197 #tunisia_area
	5225 3190 2473 3189 3192 2454 3212 3211 #al_sahil_area
	352 5316 3218 3216 3217 3215 3208 #al_djerid_area
	3228 5313 3198 3196 5315 3219 #al_shanabi_area
	5312 2954 2453 3214 4566 3348 #djerba_area #Gabes
	353 3205 2450 3202 3232 #al_jifarah_area
}
libya_group = { #33
	#1233 2318 5273 4323 2325 5272 10231 #al_wahat_area
	#2448 2474 5307 3482 3483 3484 3485 3486 3450 #fezzan_area
	354 355 2451 2452 5311 3206 3493 3489 3473 #tripolitania_area
	356 357 5274 2326 10228 10229 10230 3471 3498 3496 3499 3495 3497 #cyrenaica_area
	5306 5309 5310 3491 3477 3490 3492 #nafusa_mountains_area
	355 3492 5274 3497 #syrtis_area
}
###IRAN & TURAN
turkmenistan_group = { #20
	9536 2362 9404 438 9537 2349 #uzboy_area
	2214 4169 9973 9533 9401 9400 9548 #gurgan_area
	437 9449 9538 2350 9450 9438 9445 #transcaspia_area

}
afghanistan_group = {

}
###SUBCONTINENT
punjab_group = { #44
	510 4411 4463 12806 12807 12819 12817 12818 12816 12808 #sirhind_area
	2075 12809 12812 12920 #bist_area
	506 507 4513 12532 12533 12810 12811 #multan_area #Bari
	2076 12517 12518 12519 12520 12521 12522 #lahore_area #Rachna
	4510 4511 12516 12550 #chaj_area
	2077 4509 12395 12523 12525 12526 12527 12528 12529 #sind_sagar_area
	2079 12531 12545 #derajat_area minus 12510
	2086 4508 12534 12535 #cholistan_area
}
orissa_group = {
	12777 2049 12778 4441 12779 #chilika_area
	552 2043 12800 12774 12775 12776 #orissa_area #Utkala
	12773 12770 12767 4450 #hinterlands
}
gond_group = { #32
	12788 12789 547 12790 12791 4445 #dandakaranya_area
	4447 12784 4446 12785 12781 12780 4448 12786 2048 12787 #pottangi_area
	2082 4452 12793 12792 12797 12974 12796 2098 12799 12798 #upper_mahanadi_area
	553 4451 12770 12773 12782 12783 #lower_mahanadi_area
}
maratha_group = { #45
	12976 2089 530 12975 4429 12606 #konkan_area
	3013 12609 12610 529 12607 12608 #samora_khadi_area
	1946 2034 4431 12611 12613 12612 4432 12614 12615 #desh_area
	544 4433 12616 12617 12618 #ahmednagar_area #Harischandra
	4438 4437 12621 545 12636 12635 12634 12633 12632 12623 #marathwada_area
	548 4442 4443 12622 12624 2028 4444 12625 12632 #berar_area
}
nepal_group = {
	4492 554 12911 12928 12917 12929 12930 #baisi_rajya_area #Karnali
	4491 12907 12906 12932 12933 12927 12931 #rapti_area
	12909 12910 2070 4485 12908 12934 12935 12937 #gandaki_area
	2071 4483 12941 12939 12940 12938 12936 4484 557 12905 #nepal_area #Koshi
}

###INDOCHINA
shan_group = {
	8484 2397 8483 8482 4405 582 6451 #Mong Yang
	2166 6899 6895 8490 6454 660 #Koshanpye
	6452 583 8486 8488 6453 8489 2400 #Shan Hills
	8493 587 6545 6544 8491 8495 #Kengtung
	4406 8494 8492 4397 588 4398 #Yawnghwe
}

###EAST ASIA
taiwan_group = {
	738 2155 6921 11553 11556 11558 11619 #taiwan_area
	2154 6920 11554 11555 11557 11620 #east_taiwan_area #chungyang
}
greater_china_group = {
	#South China Region
	666 2160 6666 6667 10155 10157 #hainan_area
	738 2155 6921 11553 11556 11558 11619 #taiwan_area
	2154 6920 11554 11555 11557 11620 #east_taiwan_area
	665 2159 6664 6665 6903 6648 6649 6914 2158 6662 #west_guangdong_area
	664 2164 6670 6673 6908 6913 2161 6668 6653 6890 #south_guangxi_area
	2163 6671 6672 6906 6907 6909 #central_guangxi_area
	1840 6669 6910 6911 6912 2162 6905 #guangxi_area
	6659 667 6651 6650 6660 668 6652 #canton_area
	2156 2157 6904 6656 6654 6655 6657 #guangdong_area
	670 1833 6679 6918 6661 6884 #south_jiangxi_area
	671 672 2173  2174 6691 6689 6690 6694 6695 6696 6697 6698 6699 6693 6692 6870 6856 6872 6886 6816 6786 #hunan_area
	2171 6706 6710 681 2172 6708 6853 6797 #northwest_hubei_area
	682 4197 6700 6701 6702 6703 6704 6705 6711 6788 #east_hubei_area
	6682 6683 6684 6688 #west_jiangxi_area
	686 1838 6721 6722 6725 6707 #anhui_area
	2146 2147 6720 6724 6723 6855 6811 #south_anhui_area
	683 2151 6680 6681 6685 6686 6687 #jiangxi_area
	2152 2153 6676 6677 6915 6658 6916 6879 #west_fujian_area
	669 1829 6675 6678 6917 6674 6663 6647 #fujian_area
	2150 6713 6714 6715 #west_zhejiang_area
	1824 2148 2149 6712 6719 #east_zhejiang_area
	684 6716 6717 6718 6726 #zhejiang_area
	1821 1822 2145 6727 6728 6729 6730 6731 685 #south_jiangsu_area
	#Xinan Region
	660 2166 6454 6899 6895 8490 #koshanpye_area
	662 663 2165 6885 6888 6890 6891 6892 6893 6894 #yun_gui_area
	661 2167 6896 6897 6898 6901 12471 12470 #yun_gui_borderland_area
	675 2168 4213 6858 6857 2748 6864 6865 6866 6867 6830 #chuannan_area
	673 674 4199 6868 6869 6871 6873 6874 6875 6876 6877 6878 6880 6881 6882 6883 6862 6889 #guizhou_area
	680 6859 6860 6861 6887 #chuandong_area
	6838 2169 4211 6840 6841 6842 6843 6844 6863 #chuanbei_area
	679 6839 6845 6846 6847 6849 6834 4212 6852 6854 12481 #sichuan_area
	#North China Region
	6777 6773 6734 2141 2142 4196 6732 6733 6646 #jiangsu_area
	2143 2144 6735 6736 6737 6802 #north_anhui_area
	2140 6763 6764 6765 6766 6759 6767 690 6755 #south_shandong_area
	2139 6751 6752 6753 6754 6741 6770 6822 6902 #east_shandong_area
	691 2138 6756 6757 6758 6760 6771 #north_shandong_area
	1816 4194 6779 6780 6782 6783 6784 6776 #hebei_area
	703 2136 6785 6933 6775 6781 #northwest_hebei_area
	695 696 4195 6772 6774 6778 6762 6769 #central_hebei_area
	693 694 697 2177 2178 6768 6787 6789 6790 6791 6792 6793 6794 6795 6796 6798 6800 6801 6803 6804 6805 #shanxi_area
	688 2176 6740 6747 6748 6749 6709 #east_henan_area
	687 2175 6738 6739 6743 6744 6742 #henan_area
	692 1836 6745 6746 6750 6919 2137 6761 #north_henan_area
	689 700 2179 4198 6806 6807 6808 6809 6812 6813 6814 6815 6817 6818 #shaanxi_area
	698 2180 2181 2183 6819 6820 6821 6823 6824 6825 6826 6828 #gansu_area
	699 6829 6831 6827 12495 12494 #central_gansu_area
	707 708 2182 6832 6833 6835 6836 6837 6935 6936 #northwest_gansu_area
	#(most) Tibet Region
	677 4518 4519 12432 12433 12431 #utsang_area
	2128 4516 4520 12400 12401 12402 12403 #ngari_area
	676 4514 4515 12407 12408 12411 12415 12413 12412 12409 #tsang_area
	706 4204 6937 6938 12457 12456 #amdo_area
	2131 12447 12449 12448 2132 12446 #kham_area
	12404 12405 12406 12410 12414 #gangdise_area
	4205 12434 12435 12436 12437 12443 12442 12444 12445 #nagchu_area
	4517 12417 12418 12419 12420 12421 12422 12423 12424 12425 #yarlung_tsangpo_area
	2130 12439 12438 12441 12440 12450 #namcha_barwa_area
	2135 12478 12474 12477 12473 12476 #horkhok_area
	678 6900 12472 12468 12479 12469 12467 #garze_area
	12458 12487 12461 12459 12460 12462 12493 12491 #machu_area
	705 12451 12452 12453 12454 12455 #zhichu_area
	2133 12463 12480 12464 12465 12466 #drichu_area
	2170 6850 6851 12483 12485 12484 12482 12475 12486 #qionglai_area
	2134 2184 12497 12496 12498 12488 12489 12490 12492 #tso_ngon_area
	2040 12950 12952 12957 12958 12956 #arunachal_area
	#(Some) High Asia Region
	739 3026 3027 3029 3023 3025 12399 #kashgaria_area
	#2127 3020 3016 3017 9467 9473 9674 3021 9489 9490 12378 #pamir_area
	2074 12377 12571 12572 12570 12569 12416 #ladakh_area
	#12557 12394 12556 #gilgit_area (some)
	#(Many) Turan Region
	710 711 2123 4693 3022 3106 3109 12374 12376 12382 #shanshan_area
	712 2121 2192 3103 3105 3078 3067 #tarim_basin_area
	2124 3024 4209 4210 3030 #yarkand_area
	2120 3132 3059 3143 3144 3147 3150 3130 3145 #ili_area
	3054 3055 3056 3057 3061 #issyk_kul_area
	3037 3043 3044 3047 3050 3046 #naryn_area
	3049 3062 3052 2125 2126 3048 #chuy_area
	461 3153 3140 3079 3053 #almaty_area
	2368 3141 3129 3127 3133 #jetysuu_area
	459 3098 3092 3082 3072 3069 #jambyl_area
	#Mongolia Region
	701 709 2191 4223 4676 6810 #ordos_area
	702 2114 2747 4671 4670 #inner_mongolia_area
	717 721 2116 4220 #outer_mongolia_area
	718 2117 4222 4680 4682 4681 #altai_sayan_area
	716 1066 4679 #tannu_uriankhai_area (most)
	720 2193 4221 4669 4677 #central_mongolia_area
	719 2189 2190 4668 4678 #uliastai_area
	712 2121 2192 3103 3105 3078 3067 #tarim_basin_area
	710 711 2123 4693 3022 3106 3109 12374 12376 12382 #shanshan_area
	2122 4206 4207 3107 #turpan_kumul_area
	713 715 4208 3131 #zungaria_area
	714 2118 2119 4684 3116 3126 2353 3136 3125 4683 #north_zungaria
	704 726 2111 2112 2113 6922 6923 6924 6925 6926 6927 6928 4652 6930 6931 6932 6934 6969 #liaoning_area
	#Manchuria Region
	1048 1050 4214 4216 4215 #ilan_hala_area
	729 731 2105 4217 4663 #central_jilin_area
	2107 2108 4654 4661 4653 #ningguta_area
	730 2110 2188 4201 2111 #jilin_area
	724 1053 2102 4664 #heilongjiang_area
	1049 2104 4662 4659 2103 #east_heilongjiang_area
	727 728 2185 4200 4660 #central_heilongjiang_area
	4218 725 4665 #cicigar_area
	2109 2187 4202 4674 #eastern_mongolia
	1850 2106 2186 4655 4656 #furdan_area
	722 4203 4675 4672 2115 #chahar_area
	4219 4673 723 4666 4667 #xilin_gol_area
}

###SOUTHEAST ASIA
maguindanao_group = { #12
	652 6615 11562 653 11684 #west_mindanao_area #Maguindanao

	2701 4355 11561 #davao_area
	11560 4354 6614 11697 #subanon_area
}

############### AFRICA ###############

sokoto_group = { #14
	1150 1154 2278 2293 #zazzau_area
	1148 1149 2279 #katsina_area
	1161 1162 1249 2285 #adamawa_plateau_area
	1155 2280 2281 #hausa_area
}
ethiopia_group = {
	2763 8881 8874 8873 8694 8686 8688 8687 8689 8690 #welega_area
	2762 8868 8698 8795 #damot_area
	8665 8734 8788 8789 8823 8733 8731 8731 1213 #shewa_area
	8791 8796 8812 8832 8814 8806 2791 8806 8735 #ifat_area
	1223 2770 8721 2768 8846 8845 8841 8838 8836 #gojjam_area
	2769 1214 8804 8718 8783 8787 8786 8728 8834 8815 #wollo_area
	1224 2772 8720 8719 8726 8727 8724 8723 8716 8711 #central_ethiopia_area
	1227 2767 8669 8712 8714 8715 8702 8725 8717 2771 #tigray_area
}
somalia_group = {
	2774 9002 8745 8746 9004 8765 #lower_jubba_area
	2781 2777 8769 8767 8766 8770 8771 8772 #jubba_area #Upper Jubba
	8768 8774 8775 8776 8777 8779 #rahanweyn_area #Magniafulka
	1205 2775 2794 2776 2780 8778 8780 8781 #mogadishu_area #Lower Shebelle
	2782 2785 2795 8782 8934 9014 #ajuuran_area
	2024 2783 2784 9015 8954 8952 #majarteen_area #Majeerteen
	2786 2788 1206 9017 9099 8622 9016 8940 #guardafui_area
	2792 8621 8620 8630 8629 8632 #togdheer_area
	1209 2789 2790 8623 8628 8618 8619 #somaliland_area
	2793 8627 8633 8625 #maroodi_jeex_area
	1212 8626 8624 8652 #adal_area
	1207 1208 2778 8646 8645 8647 8631 8644 8638 8639 #ogaden_area
	8634 8635 8636 8637 8642 8643 #upper_shebelle_area
	2779 8648 8616 8640 8641 8614 #genale_area minus 8616, 8641, 8614
}

rozvi_group = {

}
zimbabwe_group = { #20
	1184 9126 9125 9124 9123 9240 #zimbabwe_area
	9122 9121 9120 9119 9118 #naletale_area
	2951 9019 9250 9021 9215 #manyika_area
	2950 9113 9115 9116 #buhera_area
}


############### NORTH AMERICA ###############

maya_group = { #26
	2635 2638 2649 4585 4586 #chiapas_area
	846 2633 2651 4590 #yucatan_area
	2634 2652 4588 4591 10662 #east_yucatan_area
	845 2632 2650 #campeche_area
	842 843 2636 4589 4594 #guatemala_lowlands_area
	839 841 2653 4587 #guatemala_area
}
united_states_group = { #150+?
	2538 7446 7606 #american_georgia_area
	929 932 2539 2542 7445 7447 #georgia_sea_islands_area
	2540 7406 7436 7437 7610 #upper_american_georgia_area
	7408 936 7613 7614 #south_appalachia_area
	7453 933 2541 7454 #south_carolina_piedmont_area
	7449 7450 7451 7452 7460 2545 7615 7616 #south_carolina_area
	7448 2543 2546 #grand_strand_area
	7463 7462 7461 2544 7618 7619 #carolinas_area
	7455 7456 938 2547 7473 7620 #inner_banks_area
	2549 949 7528 7529 7531 #piedmont_north_america_area
	953 7524 7526 7527 7538 7539 #chesapeake_area
	950 952 2550 7523 7525 7541 #virginia_tidewater_area
	957 2554 7534 7535 7536 7537 #delmarva_peninsula_area
	955 2557 7547 7548 7549 #susquehanna_area
	956 962 7557 7560 7561 #delaware_valley_area
	2023 7559 7546 7565 #minisink_area
	963 965 2558 2639 7558 7577 7578 #hudson_valley_area
	7562 7563 7564 #long_island_area
	7584 7586 7589 #housatonic_river_area
	966 2010 2560 7583 7585 7587 #connecticut_valley_area
	967 7580 7582 #narragansett_bay_area
	968 970 2013 2561 7581 7588 10683 #massachusetts_bay_area
	969 2564 2562 7590 7591 #great_woods_area
	971 2566 5052 2565 7592 #maine_area
	7459 7458 937 7457 #tar_neuse_basin_area
	7407 #Upper Chattahooche
	2548 7530 13586 2011 13592 2553
	13588 13583 13584 13585 13569 13568 13570 13581 13559
	13560 7567 13557 13558 13553 13554 13549 13550 13551
	13594 2552 7540 2556 13574 13575 13573 7551 13572 13571 #Would this work?
}

cuba_group = { #20
	485 4623 484 4624 4622 5570 10158 10048 10159 10160 10161 #cuba_area
	486 2654 2655 2656 5572 10139 10049 10098 10099 #east_cuba_area
}

haiti_group = { #17
	2658 5565 5567 490 2659 4620 4621 10094 10095 #hispaniola_area #East Hispaniola
	488 489 4619 5563 4618 10096 10097 10660 #dominica_area #West Hispaniola
}


############### SOUTH AMERICA ###############

muisca_group = {
	832 4603 3921 3920 3919 3923 #tunja_area
	825 3927 3924 3925 3929 3928 3926 #bogota_area
}


############### OCEANIA ###############

hawaii_group = {
	11498 1240 11431 11432 11707 #hawaii_area
	11464 5029 5818 11499 5817 #hawaii_islands_area
}
fiji_group = { #11
	1242 11419 11459 11460 11674 #fiji_area
	11421 11493 11461 #vanua_levu_area
	11675 11492 11420 #kadavu_area #Lau Archipelago
}