	#1.16 BTP Changes
	4115 4116 4117 4378 4119 4120 4121 4122 4123 4124 4125 4126 4127 4128 4129 4373
	#3011 3013 3017 3032 3079 3082 3125 3126 3129 3131 3147 3149 3153 3155 3236 3269 3274 3283 3286
	#1.19 BTP Changes
	4141 4142 4143 4144 4145 4147 4148 4149 4150 4152 4163 4164 4165 4166 4173 4174 4175 4176
	#3107 3116 3127 3130 3132 3133 3136 3186 3189 3272 3275
	#1.19 Readded Wastelands plus a few new ones
	4146 4154 4156 4157 4159 4160 4161 4162 4167 5118 5119 5121 5126 4168
	#1.21 Changes
	4237 4238 4236 4239 4240
	#3140 3144 3145 3150 3188
	#1.25 Changes
	#4361 4362 4363 4364 4365 4366 4367 4368 4369 4370 4371 4372 4373 4374 4375 4376 4377 4378 4379 4380 4381 4382 4383 4384 4385
	#4386 4387 4388 4389 4390 4391 4392
	#1.27 Changes
	4523 4524 4525 4526 4527 4528 4529 4530 4531 4532 4533 4534 4535 4536 4537 4538 4539 4540 4542 4543 4544 4545
	
	#BTPLegacyChangesInEurope
	4560
	
	#Removed and replaced by new Paradox provinces in 1.22 (4241 replaces 3228, 4242 replaces 3234, 4247 replaces 3240)
	#3228 3234 3240
	#New 1.22 provinces in Russia
	4241 4242 4243 4244 4245 4246 4247 4248 4249 4250 4251 4252 4253 4254 4255 4256 4257 4258 4259 4260 4261
	4262 4263 4264 4265 4266 4267
	#1.23 Caucasus
	4299 4305 4306 4301
	#3249 3252 3259 3258 3257 3260  #BT provinces replaced by vanilla in 1.23 - Caucasus
	#New 1.28 provinces
	4558 4565 4151
	
	#1.23 new
	4268 4269 4270 4271 4272 4273 4274 4275 4276 4277 4278 4279 4280 4281 4282 4283 4284 4285 4286 4287
	4288 4289 4290 4291 4292 4293 4294 4295 4296 4297 4298 4300 4302 4303 4304 4307 4308 4309 4310
	4311 4312 4313 4314 4315 4324 4325 4326 4327 4329 4330 4331 4332 4334 4335 4336 4337 4338 4339
	4340 4341 4342 4343 4344 4345
	#1.23 BtP and BT provinces replaced by vanilla
	#5132 5160 5133 5149 5166 5153 5136 5169  #BT provinces replaced by vanilla in 1.23 - Anatolia
	#5183 5179 5182 5202 5159 5204  #BT provinces replaced by vanilla in 1.23 - Levant
	#5148 5292 5294 3255 5291  #BT provinces replaced by vanilla in 1.23 - Armenia
	#5230 5234 5237 5253 5260 5254 5252 5257 5248 5247 5245 5236 5258 5242 5238 5259 5240  #BT provinces replaced by vanilla in 1.23 - Arabia




	#ANATOLIA & URAL & CAUCASUS MOVING:
	#Siberian New Province
	#PREV: 1072 1780 2427 2428 2429 2430 2431 2432 2433 2434 2435 2436 2437 2438 2439 2440 2441 2442 2443 2444 2445 2446
	#NEW: 1072 2428 2429 2430 2431 2432 2433 2434 2435 2436 2437 2438 2439 2440 2442 2443 2445 2446
	
	#AFRICA
	
	#New 1.28 provinces
	4561 4562 4563 4564 4566 4568 4569
	
	#1.23 new Africa
	4316 4317 4318 4319 4320 4321 4322 4323
	#5262 5263 5265 5268 5269 5275 5270 5276  #BT provinces replaced by vanilla in 1.23 -Egypt
	
	# N America
	
	#1.28
	4570 4571 4572 4573 4574 4575 4576 4577 4578 4579 4580 4581 4582 4583 4584 4585 4586 4587 4588 4589 4590 4591 4592 4593 4594 4595
	4618 4619 4620 4621
	4622 4623 4624 4625 4626 4627 4628 4629 4630 4631 4632 4633 4634 4635 4636 4637 4638 4639 4640 4641 4642 4643 4644 4645 4646 4647 4648 4649 4650
	